,Unnamed: 0,SKU,InStock,NumberOrdered
0,0,42081001,21,20
1,1,42082001,19,26
2,2,42083001,19,28
3,3,42084001,16,40
4,4,42085001,14,31
5,5,42086001,29,14
6,6,42087001,19,21
7,7,42088001,24,18
8,8,42089001,26,19
9,9,42090001,26,11
10,10,42091001,10,33
11,11,42092001,33,10
12,12,42093001,21,19
13,13,42094001,16,26
14,14,42095001,17,28
15,15,42096001,22,16
16,16,42097001,23,18
17,17,42098001,21,25
18,18,42099001,10,34
19,19,42100001,24,14
20,20,42101001,15,35
21,21,42102001,17,30
22,22,42103001,17,25
23,23,42104001,17,18
24,24,42105001,24,17
25,25,42106001,6,45
26,26,42107001,24,13
27,27,42108001,24,20
28,28,42109001,21,12
29,29,42110001,7,39
30,30,42111001,20,24
31,31,42112001,17,15
32,32,42113001,16,32
33,33,42114001,13,25
34,34,42115001,21,22
35,35,42116001,20,24
36,36,42117001,23,12
37,37,42118001,27,19
38,38,42119001,22,25
39,39,42120001,24,20
40,40,42121001,20,21
41,41,42122001,23,15
42,42,42123001,20,18
43,43,42124001,12,32
44,44,42125001,22,19
45,45,42126001,13,36
46,46,42127001,28,15
47,47,42128001,14,31
48,48,42129001,25,21
49,49,42130001,25,22
50,50,42131001,21,23
51,51,42132001,12,27
52,52,42133001,28,17
53,53,42134001,18,14
54,54,42135001,12,28
55,55,42136001,19,26
56,56,42137001,24,25
57,57,42138001,24,23
58,58,42139001,14,21
59,59,42140001,23,24
60,60,42141001,20,12
61,61,42142001,17,25
62,62,42143001,24,10
63,63,42144001,23,14
64,64,42145001,20,23
65,65,42146001,12,24
66,66,42147001,18,32
67,67,42148001,21,19
68,68,42149001,27,8
69,69,42150001,33,6
70,70,42151001,27,5
71,71,42152001,24,22
72,72,42153001,28,3
73,73,42154001,28,8
74,74,42155001,33,6
75,75,42156001,20,18
76,76,42157001,22,17
77,77,42158001,18,16
78,78,42159001,22,25
79,79,42160001,17,21
80,80,42161001,18,16
81,81,42162001,11,36
82,82,42163001,24,14
83,83,42164001,30,8
84,84,42165001,21,27
85,85,42166001,18,22
86,86,42167001,14,39
87,87,42168001,24,15
88,88,42169001,16,21
89,89,42170001,20,24
90,90,42171001,21,27
91,91,42172001,18,28
92,92,42173001,18,25
93,93,42174001,16,17
94,94,42175001,19,18
95,95,42176001,13,25
96,96,42177001,27,16
97,97,42178001,16,20
98,98,42179001,14,26
99,99,42180001,25,14
100,100,42181001,19,22
101,101,42182001,19,20
102,102,42183001,15,28
103,103,42184001,17,22
104,104,42185001,23,19
105,105,42186001,23,22
106,106,42187001,24,24
107,107,42188001,24,18
108,108,42189001,19,25
109,109,42190001,19,32
110,110,42191001,23,18
111,111,42192001,21,22
112,112,42193001,18,27
113,113,42194001,22,28
114,114,42195001,20,16
115,115,42196001,20,24
116,116,42197001,25,22
117,117,42198001,22,8
118,118,42199001,18,21
119,119,42200001,14,30
120,120,42201001,18,18
121,121,42202001,23,28
122,122,42203001,17,16
123,123,42204001,24,17
124,124,42205001,27,23
125,125,42206001,20,18
126,126,42207001,21,17
127,127,42208001,21,18
128,128,42209001,25,17
129,129,42210001,26,18
130,130,42211001,18,22
131,131,42212001,18,25
132,132,42213001,22,21
133,133,42214001,23,16
134,134,42215001,17,17
135,135,42216001,20,34
136,136,42217001,20,22
137,137,42218001,19,30
138,138,42219001,30,12
139,139,42220001,29,10
140,140,42221001,26,14
141,141,42222001,34,7
142,142,42223001,28,12
143,143,42224001,21,24
144,144,42225001,19,23
145,145,42226001,30,19
146,146,42227001,15,31
147,147,42228001,21,12
148,148,42229001,25,23
149,149,42230001,25,16
150,150,42231001,19,29
151,151,42232001,19,26
152,152,42233001,27,26
153,153,42234001,23,20
154,154,42235001,27,24
155,155,42236001,20,15
156,156,42237001,27,10
157,157,42238001,21,28
158,158,42239001,15,33
159,159,42240001,23,16
160,160,42241001,19,20
161,161,42242001,23,17
162,162,42243001,22,18
163,163,42244001,17,34
164,164,42245001,21,15
165,165,42246001,13,28
166,166,42247001,23,9
167,167,42248001,20,28
168,168,42249001,29,7
169,169,42250001,16,24
170,170,42251001,24,12
171,171,42252001,30,7
172,172,42253001,24,21
173,173,42254001,22,22
174,174,42255001,26,15
175,175,42256001,21,15
176,176,42257001,15,24
177,177,42258001,22,19
178,178,42259001,20,25
179,179,42260001,23,23
180,180,42261001,18,32
181,181,42262001,25,19
182,182,42263001,24,21
183,183,42264001,15,18
184,184,42265001,22,26
185,185,42266001,-18,67
186,186,42267001,7,43
187,187,42268001,20,19
188,188,42269001,3,60
189,189,42270001,19,18
190,190,42271001,31,5
191,191,42272001,24,19
192,192,42273001,16,23
193,193,42274001,19,33
194,194,42275001,18,26
195,195,42276001,18,26
196,196,42277001,15,30
197,197,42278001,16,18
198,198,42279001,18,21
199,199,42280001,30,12
200,200,42281001,21,19
201,201,42282001,25,14
202,202,42283001,17,24
203,203,42284001,11,41
204,204,42285001,24,19
205,205,42286001,26,17
206,206,42287001,20,21
207,207,42288001,8,28
208,208,42289001,22,28
209,209,42290001,28,11
210,210,42291001,20,22
211,211,42292001,17,18
212,212,42293001,14,29
213,213,42294001,24,17
214,214,42295001,18,21
215,215,42296001,23,10
216,216,42297001,19,19
217,217,42298001,24,24
218,218,42299001,23,21
219,219,42300001,19,15
220,220,42301001,20,31
221,221,42302001,20,17
222,222,42303001,14,29
223,223,42304001,16,24
224,224,42305001,14,17
225,225,42306001,22,18
226,226,42307001,24,22
227,227,42308001,16,25
228,228,42309001,20,14
229,229,42310001,19,29
230,230,42311001,-105,204
231,231,42312001,-142,264
232,232,42313001,-119,211
233,233,42314001,-80,178
234,234,42315001,18,18
235,235,42316001,24,21
236,236,42317001,16,29
237,237,42318001,16,21
238,238,42319001,20,22
239,239,42320001,20,33
240,240,42321001,13,31
241,241,42322001,33,10
242,242,42323001,23,16
243,243,42324001,24,23
244,244,42325001,27,19
245,245,42326001,22,23
246,246,42327001,22,22
247,247,42328001,19,27
248,248,42329001,17,20
249,249,42330001,17,34
250,250,42331001,0,55
251,251,42332001,13,18
252,252,42333001,23,18
253,253,42334001,4,53
254,254,42335001,4,53
255,255,42336001,20,26
256,256,42337001,20,15
257,257,42338001,24,18
258,258,42339001,6,39
259,259,42340001,24,19
260,260,42341001,22,26
261,261,42342001,20,23
262,262,42343001,17,30
263,263,42344001,20,20
264,264,42345001,24,24
265,265,42346001,11,25
266,266,42347001,19,33
267,267,42348001,14,28
268,268,42349001,3,50
269,269,42350001,-3,54
270,270,42351001,15,24
271,271,42352001,15,23
272,272,42353001,20,23
273,273,42354001,28,11
274,274,42355001,-279,456
275,275,42356001,-252,407
276,276,42357001,-267,458
277,277,42358001,-256,432
278,278,42359001,-274,468
279,279,42360001,-276,449
280,280,42361001,16,34
281,281,42362001,9,30
282,282,42363001,20,18
283,283,42364001,23,22
284,284,42365001,18,36
285,285,42366001,18,22
286,286,42367001,10,32
287,287,42368001,23,19
288,288,42369001,15,37
289,289,42370001,31,14
290,290,42371001,19,19
291,291,42372001,25,14
292,292,42373001,20,19
293,293,42374001,18,20
294,294,42375001,25,13
295,295,42376001,21,10
296,296,42377001,22,22
297,297,42378001,23,22
298,298,42379001,16,29
299,299,42380001,20,24
300,300,42381001,26,17
301,301,42382001,18,31
302,302,42383001,19,28
303,303,42384001,19,24
304,304,42385001,27,11
305,305,42386001,23,25
306,306,42387001,5,45
307,307,42388001,27,17
308,308,42389001,25,16
309,309,42390001,19,22
310,310,42391001,10,27
311,311,42392001,15,31
312,312,42393001,22,17
313,313,42394001,20,19
314,314,42395001,19,19
315,315,42396001,16,30
316,316,42397001,17,27
317,317,42398001,24,27
318,318,42399001,15,31
319,319,42400001,21,23
320,320,42401001,25,16
321,321,42402001,18,22
322,322,42403001,25,14
323,323,42404001,28,16
324,324,42405001,24,16
325,325,42406001,16,23
326,326,42407001,21,18
327,327,42408001,28,14
328,328,42409001,20,23
329,329,42410001,20,20
330,330,42411001,27,19
331,331,42412001,25,14
332,332,42413001,17,23
333,333,42414001,21,16
334,334,42415001,18,23
335,335,42416001,24,14
336,336,42417001,25,15
337,337,42418001,19,22
338,338,42419001,21,23
339,339,42420001,20,24
340,340,42421001,13,24
341,341,42422001,18,35
342,342,42423001,16,19
343,343,42424001,21,22
344,344,42425001,23,16
345,345,42426001,21,25
346,346,42427001,20,22
347,347,42428001,26,19
348,348,42429001,20,28
349,349,42430001,20,23
350,350,42431001,20,30
351,351,42432001,21,15
352,352,42433001,23,15
353,353,42434001,14,31
354,354,42435001,25,26
355,355,42436001,23,19
356,356,42437001,15,27
357,357,42438001,27,11
358,358,42439001,15,40
359,359,42440001,14,28
360,360,42441001,15,31
361,361,42442001,17,19
362,362,42443001,21,26
363,363,42444001,18,28
364,364,42445001,10,33
365,365,42446001,15,21
366,366,42447001,16,22
367,367,42448001,15,27
368,368,42449001,23,14
369,369,42450001,15,30
370,370,42451001,16,18
371,371,42452001,22,20
372,372,42453001,25,14
373,373,42454001,19,12
374,374,42455001,21,11
375,375,42456001,24,19
376,376,42457001,22,12
377,377,42458001,19,20
378,378,42459001,21,16
379,379,42460001,19,16
380,380,42461001,21,26
381,381,42462001,23,24
382,382,42463001,15,26
383,383,42464001,27,17
384,384,42465001,22,21
385,385,42466001,19,21
386,386,42467001,17,25
387,387,42468001,23,16
388,388,42469001,24,22
389,389,42470001,21,20
390,390,42471001,23,19
391,391,42472001,25,15
392,392,42473001,21,15
393,393,42474001,28,14
394,394,42475001,31,12
395,395,42476001,15,23
396,396,42477001,19,20
397,397,42478001,18,18
398,398,42479001,23,26
399,399,42480001,19,20
400,400,42481001,21,24
401,401,42482001,25,16
402,402,42483001,17,27
403,403,42484001,21,13
404,404,42485001,20,25
405,405,42486001,11,33
406,406,42487001,23,13
407,407,42488001,12,23
408,408,42489001,20,24
409,409,42490001,20,18
410,410,42491001,25,17
411,411,42492001,29,10
412,412,42493001,26,10
413,413,42494001,22,26
414,414,42495001,25,15
415,415,42496001,27,17
416,416,42497001,11,44
417,417,42498001,27,19
418,418,42499001,21,31
419,419,42500001,19,21
420,420,42501001,20,23
421,421,42502001,24,16
422,422,42503001,9,29
423,423,42504001,20,33
424,424,42505001,22,32
425,425,42506001,20,16
426,426,42507001,20,21
427,427,42508001,21,20
428,428,42509001,18,24
429,429,42510001,24,23
430,430,42511001,17,27
431,431,42512001,16,27
432,432,42513001,14,26
433,433,42514001,20,24
434,434,42515001,21,24
435,435,42516001,17,27
436,436,42517001,24,26
437,437,42518001,21,12
438,438,42519001,20,14
439,439,42520001,-3,63
440,440,42521001,2,50
441,441,42522001,0,45
442,442,42523001,-1,62
443,443,42524001,-11,65
444,444,42525001,-6,60
445,445,42526001,0,49
446,446,42527001,-2,63
447,447,42528001,-13,52
448,448,42529001,-10,70
449,449,42530001,9,38
450,450,42531001,15,31
451,451,42532001,24,22
452,452,42533001,17,26
453,453,42534001,14,25
454,454,42535001,28,19
455,455,42536001,7,34
456,456,42537001,22,13
457,457,42538001,23,8
458,458,42539001,30,13
459,459,42540001,23,14
460,460,42541001,20,21
461,461,42542001,18,24
462,462,42543001,12,23
463,463,42544001,16,28
464,464,42545001,27,11
465,465,42546001,28,21
466,466,42547001,28,17
467,467,42548001,26,14
468,468,42549001,17,22
469,469,42550001,31,11
470,470,42551001,23,19
471,471,42552001,23,23
472,472,42553001,22,15
473,473,42554001,22,29
474,474,42555001,27,13
475,475,42556001,27,19
476,476,42557001,24,20
477,477,42558001,20,19
478,478,42559001,22,15
479,479,42560001,21,19
480,480,42561001,15,21
481,481,42562001,12,42
482,482,42563001,1,41
483,483,42564001,-2,43
484,484,42565001,19,21
485,485,42566001,7,42
486,486,42567001,5,37
487,487,42568001,-9,60
488,488,42569001,14,30
489,489,42570001,-4,60
490,490,42571001,-5,66
491,491,42572001,-6,60
492,492,42573001,7,29
493,493,42574001,-1,56
494,494,42575001,-2,57
495,495,42576001,2,47
496,496,42577001,8,44
497,497,42578001,21,30
498,498,42579001,18,21
499,499,42580001,2,46
500,500,42581001,-5,55
501,501,42582001,-11,64
502,502,42583001,7,49
503,503,42584001,9,36
504,504,42585001,20,22
505,505,42586001,18,22
506,506,42587001,22,13
507,507,42588001,24,18
508,508,42589001,17,20
509,509,42590001,22,25
510,510,42591001,18,15
511,511,42592001,23,15
512,512,42593001,14,24
513,513,42594001,20,30
514,514,42595001,31,9
515,515,42596001,14,37
516,516,42597001,20,21
517,517,42598001,23,25
518,518,42599001,27,9
519,519,42600001,23,18
520,520,42601001,34,2
521,521,42602001,28,2
522,522,42603001,26,13
523,523,42604001,22,14
524,524,42605001,32,5
525,525,42606001,25,10
526,526,42607001,32,15
527,527,42608001,30,14
528,528,42609001,26,19
529,529,42610001,25,7
530,530,42611001,35,1
531,531,42612001,26,7
532,532,42613001,19,20
533,533,42614001,27,13
534,534,42615001,20,15
535,535,42616001,33,7
536,536,42617001,32,6
537,537,42618001,26,13
538,538,42619001,23,9
539,539,42620001,35,6
540,540,42621001,26,7
541,541,42622001,31,11
542,542,42623001,9,35
543,543,42624001,19,24
544,544,42625001,21,30
545,545,42626001,26,13
546,546,42627001,19,24
547,547,42628001,23,9
548,548,42629001,20,16
549,549,42630001,23,25
550,550,42631001,20,23
551,551,42632001,18,22
552,552,42633001,12,32
553,553,42634001,24,12
554,554,42635001,26,17
555,555,42636001,21,18
556,556,42637001,20,24
557,557,42638001,18,21
558,558,42639001,19,25
559,559,42640001,14,36
560,560,42641001,24,12
561,561,42642001,20,28
562,562,42643001,27,15
563,563,42644001,23,20
564,564,42645001,31,14
565,565,42646001,20,14
566,566,42647001,19,18
567,567,42648001,20,24
568,568,42649001,12,30
569,569,42650001,17,26
570,570,42651001,25,25
571,571,42652001,23,20
572,572,42653001,4,40
573,573,42654001,26,23
574,574,42655001,28,17
575,575,42656001,25,18
576,576,42657001,23,17
577,577,42658001,15,46
578,578,42659001,19,27
579,579,42660001,25,20
580,580,42661001,25,13
581,581,42662001,18,23
582,582,42663001,9,31
583,583,42664001,21,18
584,584,42665001,23,21
585,585,42666001,26,19
586,586,42667001,19,23
587,587,42668001,17,19
588,588,42669001,12,29
589,589,42670001,18,25
590,590,42671001,7,45
591,591,42672001,9,37
592,592,42673001,22,17
593,593,42674001,23,16
594,594,42675001,14,27
595,595,42676001,16,33
596,596,42677001,17,26
597,597,42678001,18,21
598,598,42679001,25,17
599,599,42680001,7,37
600,600,42681001,18,26
601,601,42682001,15,24
602,602,42683001,19,18
603,603,42684001,19,16
604,604,42685001,28,17
605,605,42686001,14,26
606,606,42687001,23,24
607,607,42688001,6,38
608,608,42689001,28,16
609,609,42690001,23,17
610,610,42691001,19,24
611,611,42692001,24,12
612,612,42693001,18,22
613,613,42694001,24,18
614,614,42695001,24,24
615,615,42696001,19,21
616,616,42697001,26,23
617,617,42698001,21,24
618,618,42699001,16,25
619,619,42700001,14,30
620,620,42701001,18,20
621,621,42702001,20,26
622,622,42703001,16,24
623,623,42704001,28,14
624,624,42705001,25,26
625,625,42706001,25,19
626,626,42707001,17,26
627,627,42708001,10,30
628,628,42709001,24,21
629,629,42710001,24,17
630,630,42711001,16,25
631,631,42712001,24,8
632,632,42713001,14,30
633,633,42714001,15,25
634,634,42715001,26,15
635,635,42716001,19,22
636,636,42717001,23,16
637,637,42718001,19,26
638,638,42719001,23,15
639,639,42720001,15,24
640,640,42721001,22,13
641,641,42722001,30,13
642,642,42723001,14,26
643,643,42724001,20,13
644,644,42725001,20,21
645,645,42726001,30,0
646,646,42727001,26,10
647,647,42728001,21,12
648,648,42729001,19,24
649,649,42730001,25,25
650,650,42731001,16,26
651,651,42732001,22,24
652,652,42733001,27,18
653,653,42734001,24,17
654,654,42735001,19,23
655,655,42736001,17,37
656,656,42737001,32,13
657,657,42738001,22,30
658,658,42739001,30,16
659,659,42740001,26,23
660,660,42741001,25,11
661,661,42742001,17,18
662,662,42743001,19,21
663,663,42744001,11,23
664,664,42745001,14,35
665,665,42746001,20,26
666,666,42747001,28,14
667,667,42748001,12,37
668,668,42749001,17,25
669,669,42750001,15,20
670,670,42751001,19,25
671,671,42752001,30,19
672,672,42753001,23,28
673,673,42754001,19,31
674,674,42755001,16,21
675,675,42756001,12,28
676,676,42757001,24,19
677,677,42758001,16,25
678,678,42760001,19,15
679,679,42762001,21,14
680,680,42763001,23,27
681,681,42764001,24,28
682,682,42765001,21,10
683,683,42766001,25,15
684,684,42767001,29,15
685,685,42768001,11,29
686,686,42769001,24,14
687,687,42770001,22,19
688,688,42771001,23,30
689,689,42772001,24,16
690,690,42773001,27,22
691,691,42774001,24,30
692,692,42775001,24,13
693,693,42776001,14,33
694,694,42777001,24,13
695,695,42778001,6,36
696,696,42779001,24,21
697,697,42780001,16,22
698,698,42781001,27,17
699,699,42782001,22,24
700,700,42783001,15,27
701,701,42784001,22,24
702,702,42785001,27,5
703,703,42786001,25,11
704,704,42787001,29,4
705,705,42788001,32,8
706,706,42789001,28,4
707,707,42790001,33,9
708,708,42791001,25,17
709,709,42792001,12,33
710,710,42793001,23,24
711,711,42794001,27,20
712,712,42795001,19,24
713,713,42796001,14,19
714,714,42797001,27,18
715,715,42798001,23,25
716,716,42799001,26,14
717,717,42800001,25,18
718,718,42801001,24,22
719,719,42802001,22,25
720,720,42803001,18,25
721,721,42804001,25,18
722,722,42805001,25,21
723,723,42806001,24,20
724,724,42807001,17,27
725,725,42808001,22,24
726,726,42809001,22,16
727,727,42810001,19,27
728,728,42811001,22,13
729,729,42812001,20,25
730,730,42813001,23,12
731,731,42814001,18,16
732,732,42815001,18,21
733,733,42816001,27,20
734,734,42817001,18,32
735,735,42818001,22,20
736,736,42819001,22,20
737,737,42820001,17,18
738,738,42821001,15,25
739,739,42822001,20,24
740,740,42823001,22,26
741,741,42824001,17,18
742,742,42825001,17,22
743,743,42826001,13,31
744,744,42827001,20,20
745,745,42828001,23,21
746,746,42829001,29,11
747,747,42830001,19,15
748,748,42831001,19,30
749,749,42832001,14,29
750,750,42833001,20,19
751,751,42834001,25,18
752,752,42835001,18,24
753,753,42836001,16,30
754,754,42837001,15,29
755,755,42838001,19,25
756,756,42839001,15,31
757,757,42840001,20,26
758,758,42841001,24,15
759,759,42842001,24,17
760,760,42843001,25,22
761,761,42844001,10,33
762,762,42845001,25,25
763,763,42846001,24,20
764,764,42847001,18,22
765,765,42848001,10,30
766,766,42849001,16,22
767,767,42850001,17,35
768,768,42851001,24,7
769,769,42852001,24,22
770,770,42853001,21,17
771,771,42854001,20,16
772,772,42855001,22,19
773,773,42856001,18,21
774,774,42857001,24,27
775,775,42858001,18,20
776,776,42859001,20,19
777,777,42860001,28,18
778,778,42861001,25,17
779,779,42863001,13,24
780,780,42864001,25,26
781,781,42865001,14,26
782,782,42866001,19,22
783,783,42867001,24,23
784,784,42868001,18,35
785,785,42869001,26,15
786,786,42870001,23,14
787,787,42871001,19,25
788,788,42872001,24,27
789,789,42873001,16,30
790,790,42874001,20,26
791,791,42875001,10,29
792,792,42876001,16,30
793,793,42877001,18,19
794,794,42878001,21,25
795,795,42879001,21,22
796,796,42880001,17,30
797,797,42881001,16,29
798,798,42882001,23,23
799,799,42883001,15,34
800,800,42884001,15,35
801,801,42885001,30,13
802,802,42886001,26,27
803,803,42887001,19,24
804,804,42888001,23,24
805,805,42889001,19,24
806,806,42890001,25,19
807,807,42891001,21,19
808,808,42892001,21,15
809,809,42893001,27,17
810,810,42894001,13,23
811,811,42895001,24,23
812,812,42896001,7,38
813,813,42897001,11,47
814,814,42898001,14,36
815,815,42899001,15,36
816,816,42900001,17,30
817,817,42901001,23,17
818,818,42902001,26,16
819,819,42903001,13,40
820,820,42904001,19,30
821,821,42905001,13,26
822,822,42906001,18,16
823,823,42907001,27,19
824,824,42908001,18,17
825,825,42909001,25,14
826,826,42910001,19,22
827,827,42911001,14,21
828,828,42912001,21,19
829,829,42913001,25,16
830,830,42914001,22,27
831,831,42915001,14,38
832,832,42916001,7,36
833,833,42917001,30,19
834,834,42918001,18,25
835,835,42919001,22,24
836,836,42920001,15,19
837,837,42921001,8,36
838,838,42922001,9,26
839,839,42923001,13,35
840,840,42924001,17,32
841,841,42925001,17,16
842,842,42926001,8,27
843,843,42927001,11,36
844,844,42928001,23,21
845,845,42929001,23,17
846,846,42930001,6,44
847,847,42931001,22,26
848,848,42932001,12,25
849,849,42933001,11,35
850,850,42934001,22,26
851,851,42935001,21,26
852,852,42936001,27,14
853,853,42937001,19,26
854,854,42938001,2,47
855,855,42939001,17,23
856,856,42940001,27,12
857,857,42941001,16,32
858,858,42942001,19,29
859,859,42943001,25,13
860,860,42944001,17,27
861,861,42945001,25,18
862,862,42946001,13,36
863,863,42947001,19,17
864,864,42948001,24,11
865,865,42949001,17,23
866,866,42950001,16,27
867,867,42951001,24,12
868,868,42952001,18,24
869,869,42953001,30,12
870,870,42954001,20,20
871,871,42955001,17,21
872,872,42956001,20,16
873,873,42957001,14,29
874,874,42958001,18,28
875,875,42959001,28,17
876,876,42960001,15,27
877,877,42961001,27,20
878,878,42962001,12,29
879,879,42963001,20,15
880,880,42964001,20,17
881,881,42965001,30,9
882,882,42966001,31,6
883,883,42967001,20,26
884,884,42968001,20,24
885,885,42969001,29,17
886,886,42970001,24,13
887,887,42971001,13,19
888,888,42972001,21,17
889,889,42973001,24,18
890,890,42974001,17,19
891,891,42975001,19,15
892,892,42976001,9,29
893,893,42977001,23,17
894,894,42978001,25,30
895,895,42979001,24,24
896,896,42980001,16,18
897,897,42981001,21,22
898,898,42982001,22,20
899,899,42983001,17,29
900,900,42984001,29,14
901,901,42985001,17,31
902,902,42986001,27,16
903,903,42987001,20,17
904,904,42988001,19,20
905,905,42989001,20,26
906,906,42990001,27,17
907,907,42991001,19,18
908,908,42992001,25,11
909,909,42993001,23,22
910,910,42994001,26,18
911,911,42995001,19,19
912,912,42996001,13,27
913,913,42997001,26,13
914,914,42998001,27,21
915,915,42999001,22,16
916,916,43000001,18,27
917,917,43001001,21,23
918,918,43002001,24,16
919,919,43003001,19,22
920,920,43004001,18,22
921,921,43005001,22,13
922,922,43006001,19,20
923,923,43007001,21,28
924,924,43008001,20,20
925,925,43009001,24,9
926,926,43010001,28,9
927,927,43011001,25,7
928,928,43012001,31,15
929,929,43013001,28,8
930,930,43014001,28,14
931,931,43015001,32,8
932,932,43016001,36,3
933,933,43017001,35,5
934,934,43018001,31,8
935,935,43019001,34,5
936,936,43020001,28,5
937,937,43021001,30,10
938,938,43022001,19,21
939,939,43023001,26,6
940,940,43024001,27,8
941,941,43025001,34,8
942,942,43026001,27,4
943,943,43027001,24,11
944,944,43028001,32,4
945,945,43029001,26,13
946,946,43030001,32,12
947,947,43031001,26,9
948,948,43032001,24,14
949,949,43033001,25,12
950,950,43034001,31,8
951,951,43035001,29,6
952,952,43036001,25,14
953,953,43037001,28,10
954,954,43038001,21,11
955,955,43039001,26,14
956,956,43040001,21,13
957,957,43041001,29,10
958,958,43042001,27,11
959,959,43043001,21,20
960,960,43044001,20,15
961,961,43045001,10,30
962,962,43046001,20,16
963,963,43047001,13,26
964,964,43048001,31,12
965,965,43049001,26,22
966,966,43050001,18,27
967,967,43051001,20,19
968,968,43052001,21,13
969,969,43053001,24,16
970,970,43054001,21,20
971,971,43055001,16,27
972,972,43056001,25,20
973,973,43057001,22,14
974,974,43058001,24,20
975,975,43059001,21,14
976,976,43060001,14,31
977,977,43061001,25,24
978,978,43062001,20,22
979,979,43063001,28,19
980,980,43064001,20,18
981,981,43065001,18,35
982,982,43066001,23,15
983,983,43067001,29,19
984,984,43068001,23,18
985,985,43071001,12,29
986,986,43072001,19,18
987,987,43073001,26,21
988,988,43074001,31,15
989,989,43075001,11,35
990,990,43076001,26,16
991,991,43077001,17,29
992,992,43078001,15,22
993,993,43079001,24,22
994,994,43080001,17,35
995,995,43081001,18,28
996,996,43082001,19,11
997,997,43083001,18,23
998,998,43084001,21,28
999,999,43085001,17,23
1000,1000,43086001,28,18
1001,1001,43087001,20,21
1002,1002,43088001,26,10
1003,1003,43089001,26,16
1004,1004,43090001,12,25
1005,1005,43091001,17,38
1006,1006,43092001,21,22
1007,1007,43093001,22,20
1008,1008,43094001,18,21
1009,1009,43095001,17,31
1010,1010,43096001,26,24
1011,1011,43097001,18,14
1012,1012,43098001,26,16
1013,1013,43099001,27,19
1014,1014,43100001,10,35
1015,1015,43101001,16,33
1016,1016,43102001,26,22
1017,1017,43103001,23,24
1018,1018,43104001,19,18
1019,1019,43105001,21,25
1020,1020,43106001,22,17
1021,1021,43107001,25,12
1022,1022,43108001,19,35
1023,1023,43109001,21,18
1024,1024,43110001,16,26
1025,1025,43111001,14,30
1026,1026,43112001,13,34
1027,1027,43113001,20,29
1028,1028,43114001,26,12
1029,1029,43115001,16,21
1030,1030,43116001,21,20
1031,1031,43117001,14,32
1032,1032,43118001,26,15
1033,1033,43119001,22,26
1034,1034,43120001,27,12
1035,1035,43121001,15,27
1036,1036,43122001,9,37
1037,1037,43123001,23,17
1038,1038,43124001,27,21
1039,1039,43125001,21,28
1040,1040,43126001,16,24
1041,1041,43127001,16,28
1042,1042,43128001,15,19
1043,1043,43129001,20,26
1044,1044,43130001,19,18
1045,1045,43131001,22,20
1046,1046,43132001,14,32
1047,1047,43133001,32,7
1048,1048,43134001,22,25
1049,1049,43135001,10,33
1050,1050,43136001,21,23
1051,1051,43137001,20,21
1052,1052,43138001,19,11
1053,1053,43139001,17,30
1054,1054,43140001,25,21
1055,1055,43141001,17,13
1056,1056,43142001,17,18
1057,1057,43143001,16,27
1058,1058,43144001,16,21
1059,1059,43145001,20,26
1060,1060,43146001,22,23
1061,1061,43147001,10,32
1062,1062,43148001,18,31
1063,1063,43149001,23,19
1064,1064,43150001,22,24
1065,1065,43151001,24,26
1066,1066,43152001,19,28
1067,1067,43153001,14,34
1068,1068,43154001,18,20
1069,1069,43155001,27,18
1070,1070,43156001,20,18
1071,1071,43157001,13,22
1072,1072,43158001,28,14
1073,1073,43159001,19,26
1074,1074,43160001,25,17
1075,1075,43161001,22,11
1076,1076,43162001,21,18
1077,1077,43163001,28,16
1078,1078,43164001,26,20
1079,1079,43165001,24,13
1080,1080,43166001,23,25
1081,1081,43167001,16,16
1082,1082,43168001,27,19
1083,1083,43169001,24,13
1084,1084,43170001,24,23
1085,1085,43171001,12,28
1086,1086,43172001,18,22
1087,1087,43173001,16,29
1088,1088,43174001,18,26
1089,1089,43175001,22,24
1090,1090,43176001,29,11
1091,1091,43177001,23,15
1092,1092,43178001,17,20
1093,1093,43179001,23,20
1094,1094,43180001,30,14
1095,1095,43181001,30,15
1096,1096,43182001,22,16
1097,1097,43183001,24,19
1098,1098,43184001,16,31
1099,1099,43185001,13,22
1100,1100,43186001,23,19
1101,1101,43187001,28,17
1102,1102,43188001,25,14
1103,1103,43189001,22,22
1104,1104,43190001,21,23
1105,1105,43191001,20,20
1106,1106,43192001,11,24
1107,1107,43193001,24,10
1108,1108,43194001,15,27
1109,1109,43195001,17,27
1110,1110,43196001,33,9
1111,1111,43197001,22,30
1112,1112,43198001,16,23
1113,1113,43199001,18,24
1114,1114,43200001,29,19
1115,1115,43201001,21,34
1116,1116,43202001,24,23
1117,1117,43203001,21,15
1118,1118,43204001,14,30
1119,1119,43205001,11,21
1120,1120,43206001,8,32
1121,1121,43207001,19,19
1122,1122,43208001,12,23
1123,1123,43209001,31,9
1124,1124,43210001,35,5
1125,1125,43211001,31,11
1126,1126,43212001,29,8
1127,1127,43213001,32,7
1128,1128,43214001,35,8
1129,1129,43215001,26,2
1130,1130,43216001,29,1
1131,1131,43217001,30,9
1132,1132,43218001,29,18
1133,1133,43219001,17,36
1134,1134,43220001,22,12
1135,1135,43221001,18,22
1136,1136,43222001,25,19
1137,1137,43223001,18,24
1138,1138,43224001,26,14
1139,1139,43225001,14,28
1140,1140,43226001,21,22
1141,1141,43227001,20,18
1142,1142,43228001,27,11
1143,1143,43229001,16,23
1144,1144,43230001,19,25
1145,1145,43231001,6,42
1146,1146,43232001,22,8
1147,1147,43233001,22,21
1148,1148,43234001,11,27
1149,1149,43235001,12,29
1150,1150,43236001,25,25
1151,1151,43237001,17,24
1152,1152,43238001,23,18
1153,1153,43239001,24,19
1154,1154,43240001,28,20
1155,1155,43241001,24,14
1156,1156,43242001,21,15
1157,1157,43243001,25,17
1158,1158,43244001,23,23
1159,1159,43245001,23,23
1160,1160,43246001,19,19
1161,1161,43247001,22,23
1162,1162,43248001,15,30
1163,1163,43249001,28,21
1164,1164,43250001,32,9
1165,1165,43251001,25,18
1166,1166,43252001,20,21
1167,1167,43253001,29,10
1168,1168,43254001,34,9
1169,1169,43255001,26,12
1170,1170,43256001,21,15
1171,1171,43257001,25,7
1172,1172,43258001,34,7
1173,1173,43259001,23,13
1174,1174,43260001,32,13
1175,1175,43261001,24,10
1176,1176,43262001,25,10
1177,1177,43263001,29,9
1178,1178,43264001,25,14
1179,1179,43265001,27,10
1180,1180,43266001,29,0
1181,1181,43267001,36,5
1182,1182,43268001,27,19
1183,1183,43269001,31,8
1184,1184,43270001,33,7
1185,1185,43271001,25,4
1186,1186,43272001,20,18
1187,1187,43273001,30,6
1188,1188,43274001,21,18
1189,1189,43275001,30,10
1190,1190,43276001,32,9
1191,1191,43277001,30,5
1192,1192,43278001,26,14
1193,1193,43279001,29,11
1194,1194,43280001,22,20
1195,1195,43281001,23,12
1196,1196,43282001,30,5
1197,1197,43283001,27,6
1198,1198,43284001,34,1
1199,1199,43285001,26,9
1200,1200,43286001,30,11
1201,1201,43287001,31,13
1202,1202,43288001,19,16
1203,1203,43289001,24,19
1204,1204,43290001,24,9
1205,1205,43291001,31,3
1206,1206,43292001,32,13
1207,1207,43293001,27,11
1208,1208,43294001,32,13
1209,1209,43295001,30,3
1210,1210,43296001,26,7
1211,1211,43297001,27,4
1212,1212,43298001,28,12
1213,1213,43299001,29,11
1214,1214,43300001,33,11
1215,1215,43301001,35,4
1216,1216,43302001,29,8
1217,1217,43303001,24,5
1218,1218,43304001,32,9
1219,1219,43305001,35,4
1220,1220,43306001,34,3
1221,1221,43307001,28,7
1222,1222,43308001,32,10
1223,1223,43309001,26,9
1224,1224,43310001,31,12
1225,1225,43311001,33,10
1226,1226,43312001,22,15
1227,1227,43313001,33,7
1228,1228,43314001,24,13
1229,1229,43315001,31,7
1230,1230,43316001,29,4
1231,1231,43317001,29,9
1232,1232,43318001,21,19
1233,1233,43319001,30,4
1234,1234,43320001,29,6
1235,1235,43321001,31,8
1236,1236,43322001,29,7
1237,1237,43323001,25,10
1238,1238,43324001,30,4
1239,1239,43325001,35,4
1240,1240,43326001,26,16
1241,1241,43327001,25,15
1242,1242,43328001,32,6
1243,1243,43329001,32,2
1244,1244,43330001,27,6
1245,1245,43331001,28,12
1246,1246,43332001,30,19
1247,1247,43333001,32,8
1248,1248,43334001,29,8
1249,1249,43335001,24,12
1250,1250,43336001,21,18
1251,1251,43337001,31,9
1252,1252,43338001,28,11
1253,1253,43339001,28,6
1254,1254,43340001,29,10
1255,1255,43341001,30,10
1256,1256,43342001,26,10
1257,1257,43343001,28,10
1258,1258,43344001,31,3
1259,1259,43345001,30,7
1260,1260,43346001,33,6
1261,1261,43347001,26,9
1262,1262,43348001,30,9
1263,1263,43349001,33,7
1264,1264,43350001,27,13
1265,1265,43351001,31,7
1266,1266,43352001,27,7
1267,1267,43353001,24,8
1268,1268,43354001,30,2
1269,1269,43355001,29,7
1270,1270,43356001,34,5
1271,1271,43357001,21,7
1272,1272,43358001,28,9
1273,1273,43359001,27,6
1274,1274,43360001,25,4
1275,1275,43361001,25,6
1276,1276,43362001,25,12
1277,1277,43363001,30,12
1278,1278,43364001,24,10
1279,1279,43365001,26,9
1280,1280,43366001,27,14
1281,1281,43367001,31,6
1282,1282,43368001,25,13
1283,1283,43369001,28,14
1284,1284,43370001,26,14
1285,1285,43371001,28,7
1286,1286,43372001,28,7
1287,1287,43373001,28,15
1288,1288,43374001,33,8
1289,1289,43375001,28,3
1290,1290,43376001,25,12
1291,1291,43377001,30,14
1292,1292,43378001,35,2
1293,1293,43379001,31,6
1294,1294,43380001,21,13
1295,1295,43381001,30,9
1296,1296,43382001,18,26
1297,1297,43383001,26,23
1298,1298,43384001,8,38
1299,1299,43385001,18,17
1300,1300,43386001,22,34
1301,1301,43387001,16,27
1302,1302,43388001,12,31
1303,1303,43389001,10,36
1304,1304,43390001,25,19
1305,1305,43391001,19,14
1306,1306,43392001,9,29
1307,1307,43393001,10,35
1308,1308,43394001,18,29
1309,1309,43395001,22,15
1310,1310,43396001,12,30
1311,1311,43397001,18,19
1312,1312,43398001,21,25
1313,1313,43399001,8,37
1314,1314,43400001,11,36
1315,1315,43401001,22,25
1316,1316,43402001,25,20
1317,1317,43403001,14,35
1318,1318,43404001,15,14
1319,1319,43405001,30,19
1320,1320,43406001,14,29
1321,1321,43407001,14,24
1322,1322,43408001,24,21
1323,1323,43409001,29,20
1324,1324,43410001,16,23
1325,1325,43411001,21,24
1326,1326,43412001,15,21
1327,1327,43413001,19,19
1328,1328,43414001,27,13
1329,1329,43415001,25,17
1330,1330,43416001,19,38
1331,1331,43417001,27,18
1332,1332,43418001,23,18
1333,1333,43419001,16,21
1334,1334,43420001,19,26
1335,1335,43421001,30,16
1336,1336,43422001,26,27
1337,1337,43423001,25,25
1338,1338,43424001,17,31
1339,1339,43425001,27,15
1340,1340,43426001,18,22
1341,1341,43427001,25,13
1342,1342,43428001,23,10
1343,1343,43429001,22,27
1344,1344,43430001,14,29
1345,1345,43431001,22,26
1346,1346,43432001,23,21
1347,1347,43433001,17,22
1348,1348,43434001,24,25
1349,1349,43435001,23,12
1350,1350,43436001,20,23
1351,1351,43437001,20,25
1352,1352,43438001,17,21
1353,1353,43439001,24,24
1354,1354,43440001,24,21
1355,1355,43441001,23,20
1356,1356,43442001,19,14
1357,1357,43443001,20,19
1358,1358,43444001,16,24
1359,1359,43445001,18,20
1360,1360,43446001,18,25
1361,1361,43447001,20,17
1362,1362,43448001,24,7
1363,1363,43449001,25,12
1364,1364,43450001,26,10
1365,1365,43451001,18,27
1366,1366,43452001,21,20
1367,1367,43453001,27,14
1368,1368,43454001,22,22
1369,1369,43455001,18,21
1370,1370,43456001,12,25
1371,1371,43457001,19,17
1372,1372,43458001,15,22
1373,1373,43459001,19,21
1374,1374,43460001,14,29
1375,1375,43461001,4,40
1376,1376,43462001,19,23
1377,1377,43463001,14,23
1378,1378,43464001,15,22
1379,1379,43465001,15,29
1380,1380,43466001,20,17
1381,1381,43467001,16,32
1382,1382,43468001,16,27
1383,1383,43469001,16,27
1384,1384,43470001,20,20
1385,1385,43471001,15,31
1386,1386,43472001,17,29
1387,1387,43473001,17,24
1388,1388,43474001,24,20
1389,1389,43475001,22,10
1390,1390,43476001,23,26
1391,1391,43477001,26,20
1392,1392,43478001,19,14
1393,1393,43479001,12,29
1394,1394,43480001,23,8
1395,1395,43481001,17,27
1396,1396,43482001,20,29
1397,1397,43483001,19,25
1398,1398,43484001,18,21
1399,1399,43485001,24,25
1400,1400,43486001,20,20
1401,1401,43487001,14,29
1402,1402,43488001,22,27
1403,1403,43489001,13,20
1404,1404,43490001,27,17
1405,1405,43491001,18,29
1406,1406,43492001,21,17
1407,1407,43493001,16,22
1408,1408,43494001,29,14
1409,1409,43495001,26,21
1410,1410,43496001,14,33
1411,1411,43497001,20,22
1412,1412,43498001,23,27
1413,1413,43499001,19,26
1414,1414,43500001,24,25
1415,1415,43501001,19,20
1416,1416,43502001,25,22
1417,1417,43503001,25,20
1418,1418,43504001,25,22
1419,1419,43505001,24,24
1420,1420,43506001,23,22
1421,1421,43507001,18,24
1422,1422,43508001,16,21
1423,1423,43509001,28,17
1424,1424,43510001,23,23
1425,1425,43511001,22,11
1426,1426,43512001,26,14
1427,1427,43513001,14,30
1428,1428,43514001,15,22
1429,1429,43515001,31,10
1430,1430,43516001,30,14
1431,1431,43517001,20,21
1432,1432,43518001,15,31
1433,1433,43519001,15,24
1434,1434,43520001,18,22
1435,1435,43521001,20,17
1436,1436,43522001,32,13
1437,1437,43523001,25,20
1438,1438,43524001,16,25
1439,1439,43525001,10,44
1440,1440,43526001,-2,43
1441,1441,43527001,-20,72
1442,1442,43528001,-2,52
1443,1443,43529001,-10,68
1444,1444,43530001,20,28
1445,1445,43531001,19,16
1446,1446,43532001,26,15
1447,1447,43533001,20,30
1448,1448,43534001,18,26
1449,1449,43535001,20,24
1450,1450,43536001,21,14
1451,1451,43537001,20,21
1452,1452,43538001,15,23
1453,1453,43539001,15,33
1454,1454,43540001,12,23
1455,1455,43541001,16,27
1456,1456,43542001,21,24
1457,1457,43543001,7,39
1458,1458,43544001,19,18
1459,1459,43545001,21,25
1460,1460,43546001,21,25
1461,1461,43547001,16,36
1462,1462,43548001,19,15
1463,1463,43549001,18,23
1464,1464,43550001,21,12
1465,1465,43551001,22,18
1466,1466,43552001,18,16
1467,1467,43553001,19,29
1468,1468,43554001,24,26
1469,1469,43555001,8,40
1470,1470,43556001,23,15
1471,1471,43557001,17,24
1472,1472,43558001,16,28
1473,1473,43559001,24,29
1474,1474,43560001,19,21
1475,1475,43561001,15,26
1476,1476,43562001,20,17
1477,1477,43563001,22,17
1478,1478,43564001,16,28
1479,1479,43565001,26,16
1480,1480,43566001,15,30
1481,1481,43567001,20,24
1482,1482,43568001,24,22
1483,1483,43569001,16,27
1484,1484,43570001,17,23
1485,1485,43571001,30,13
1486,1486,43572001,5,36
1487,1487,43573001,25,18
1488,1488,43574001,13,25
1489,1489,43575001,28,16
1490,1490,43576001,18,22
1491,1491,43577001,18,30
1492,1492,43578001,19,20
1493,1493,43579001,22,13
1494,1494,43580001,24,22
1495,1495,43581001,22,17
1496,1496,43582001,21,22
1497,1497,43583001,27,17
1498,1498,43584001,14,21
1499,1499,43585001,23,22
1500,1500,43586001,25,26
1501,1501,43587001,17,35
1502,1502,43588001,27,19
1503,1503,43589001,19,14
1504,1504,43590001,22,15
1505,1505,43591001,24,20
1506,1506,43592001,29,22
1507,1507,43593001,17,32
1508,1508,43594001,20,23
1509,1509,43595001,26,14
1510,1510,43596001,11,34
1511,1511,43597001,22,17
1512,1512,43598001,18,31
1513,1513,43599001,25,19
1514,1514,43600001,17,24
1515,1515,43601001,20,14
1516,1516,43602001,25,22
1517,1517,43603001,26,12
1518,1518,43604001,21,17
1519,1519,43605001,25,18
1520,1520,43606001,11,24
1521,1521,43607001,13,31
1522,1522,43608001,18,15
1523,1523,43609001,19,22
1524,1524,43610001,22,22
1525,1525,43611001,20,19
1526,1526,43612001,18,24
1527,1527,43613001,15,24
1528,1528,43614001,19,16
1529,1529,43615001,26,13
1530,1530,43616001,14,24
1531,1531,43617001,29,12
1532,1532,43618001,17,36
1533,1533,43619001,28,14
1534,1534,43620001,17,22
1535,1535,43621001,17,16
1536,1536,43622001,24,21
1537,1537,43623001,23,9
1538,1538,43624001,19,14
1539,1539,43625001,22,20
1540,1540,43626001,22,20
1541,1541,43627001,26,19
1542,1542,43628001,22,26
1543,1543,43629001,19,28
1544,1544,43630001,21,18
1545,1545,43631001,12,26
1546,1546,43632001,18,22
1547,1547,43633001,22,19
1548,1548,43634001,30,13
1549,1549,43635001,18,18
1550,1550,43636001,21,16
1551,1551,43637001,22,23
1552,1552,43638001,26,19
1553,1553,43639001,17,30
1554,1554,43640001,17,19
1555,1555,43641001,22,14
1556,1556,43642001,17,29
1557,1557,43643001,17,23
1558,1558,43644001,24,20
1559,1559,43645001,12,22
1560,1560,43646001,21,20
1561,1561,43647001,18,20
1562,1562,43648001,18,17
1563,1563,43649001,18,29
1564,1564,43650001,28,14
1565,1565,43651001,26,23
1566,1566,43652001,26,20
1567,1567,43653001,10,32
1568,1568,43654001,32,11
1569,1569,43655001,19,18
1570,1570,43656001,20,22
1571,1571,43657001,27,14
1572,1572,43658001,16,34
1573,1573,43659001,24,17
1574,1574,43660001,20,18
1575,1575,43661001,20,19
1576,1576,43662001,19,21
1577,1577,43663001,15,25
1578,1578,43664001,25,10
1579,1579,43665001,24,19
1580,1580,43666001,22,20
1581,1581,43667001,21,19
1582,1582,43668001,18,29
1583,1583,43669001,15,26
1584,1584,43670001,22,21
1585,1585,43671001,22,27
1586,1586,43672001,21,28
1587,1587,43673001,17,28
1588,1588,43674001,13,25
1589,1589,43675001,23,15
1590,1590,43676001,23,25
1591,1591,43677001,23,13
1592,1592,43678001,15,39
1593,1593,43679001,28,12
1594,1594,43680001,17,23
1595,1595,43681001,21,23
1596,1596,43682001,15,23
1597,1597,43683001,25,11
1598,1598,43684001,18,24
1599,1599,43685001,18,35
1600,1600,43686001,22,25
1601,1601,43687001,16,19
1602,1602,43688001,15,18
1603,1603,43689001,14,36
1604,1604,43690001,20,27
1605,1605,43691001,18,21
1606,1606,43692001,20,21
1607,1607,43693001,24,12
1608,1608,43694001,17,32
1609,1609,43695001,28,15
1610,1610,43696001,21,19
1611,1611,43697001,12,34
1612,1612,43698001,26,15
1613,1613,43699001,25,26
1614,1614,43700001,7,40
1615,1615,43701001,19,22
1616,1616,43702001,19,24
1617,1617,43703001,34,5
1618,1618,43704001,18,20
1619,1619,43705001,9,33
1620,1620,43706001,20,17
1621,1621,43707001,32,5
1622,1622,43708001,21,25
1623,1623,43709001,20,22
1624,1624,43710001,28,19
1625,1625,43711001,21,32
1626,1626,43712001,23,17
1627,1627,43713001,18,24
1628,1628,43714001,23,23
1629,1629,43715001,21,19
1630,1630,43716001,21,20
1631,1631,43717001,15,24
1632,1632,43718001,24,21
1633,1633,43719001,19,21
1634,1634,43720001,27,19
1635,1635,43721001,20,19
1636,1636,43722001,19,22
1637,1637,43723001,17,28
1638,1638,43724001,16,32
1639,1639,43725001,19,20
1640,1640,43726001,16,28
1641,1641,43727001,22,19
1642,1642,43728001,10,39
1643,1643,43729001,19,31
1644,1644,43730001,21,16
1645,1645,43731001,14,22
1646,1646,43732001,20,21
1647,1647,43733001,16,18
1648,1648,43734001,20,22
1649,1649,43735001,21,19
1650,1650,43736001,21,17
1651,1651,43737001,28,11
1652,1652,43738001,16,23
1653,1653,43739001,21,22
1654,1654,43740001,17,19
1655,1655,43741001,26,15
1656,1656,43742001,14,23
1657,1657,43743001,24,18
1658,1658,43744001,15,25
1659,1659,43745001,22,14
1660,1660,43746001,19,14
1661,1661,43747001,23,19
1662,1662,43748001,26,18
1663,1663,43749001,18,27
1664,1664,43750001,14,22
1665,1665,43751001,18,18
1666,1666,43752001,18,36
1667,1667,43753001,22,14
1668,1668,43754001,22,12
1669,1669,43755001,24,19
1670,1670,43756001,27,22
1671,1671,43757001,17,16
1672,1672,43758001,17,28
1673,1673,43759001,15,32
1674,1674,43760001,25,25
1675,1675,43761001,18,26
1676,1676,43762001,18,20
1677,1677,43763001,24,15
1678,1678,43764001,16,18
1679,1679,43765001,20,16
1680,1680,43766001,20,24
1681,1681,43767001,25,22
1682,1682,43768001,24,13
1683,1683,43769001,25,17
1684,1684,43770001,18,30
1685,1685,43771001,20,21
1686,1686,43772001,17,22
1687,1687,43773001,16,26
1688,1688,43774001,25,18
1689,1689,43775001,22,16
1690,1690,43776001,19,20
1691,1691,43777001,17,18
1692,1692,43778001,20,16
1693,1693,43779001,18,21
1694,1694,43780001,25,12
1695,1695,43781001,19,17
1696,1696,43782001,22,13
1697,1697,43783001,18,17
1698,1698,43784001,15,26
1699,1699,43785001,16,22
1700,1700,43786001,16,23
1701,1701,43787001,23,26
1702,1702,43788001,21,20
1703,1703,43789001,20,16
1704,1704,43790001,31,18
1705,1705,43791001,19,20
1706,1706,43792001,24,16
1707,1707,43793001,16,25
1708,1708,43794001,20,21
1709,1709,43795001,17,18
1710,1710,43796001,30,16
1711,1711,43797001,25,14
1712,1712,43798001,20,15
1713,1713,43799001,15,35
1714,1714,43800001,22,16
1715,1715,43801001,17,31
1716,1716,43802001,20,24
1717,1717,43803001,20,16
1718,1718,43804001,16,23
1719,1719,43805001,21,23
1720,1720,43806001,18,28
1721,1721,43807001,20,19
1722,1722,43808001,17,31
1723,1723,43809001,22,20
1724,1724,43810001,25,25
1725,1725,43811001,9,31
1726,1726,43812001,19,18
1727,1727,43813001,15,27
1728,1728,43814001,20,26
1729,1729,43815001,18,28
1730,1730,43816001,12,30
1731,1731,43817001,27,17
1732,1732,43818001,16,30
1733,1733,43819001,24,7
1734,1734,43820001,27,8
1735,1735,43821001,20,20
1736,1736,43822001,17,13
1737,1737,43823001,21,16
1738,1738,43824001,20,19
1739,1739,43825001,20,19
1740,1740,43826001,15,24
1741,1741,43827001,24,16
1742,1742,43828001,26,17
1743,1743,43829001,19,22
1744,1744,43830001,22,25
1745,1745,43831001,14,27
1746,1746,43832001,22,19
1747,1747,43833001,18,21
1748,1748,43834001,26,22
1749,1749,43835001,16,25
1750,1750,43836001,22,21
1751,1751,43837001,15,20
1752,1752,43838001,20,21
1753,1753,43839001,26,17
1754,1754,43840001,24,21
1755,1755,43841001,17,26
1756,1756,43842001,16,31
1757,1757,43843001,26,16
1758,1758,43844001,13,30
1759,1759,43845001,21,15
1760,1760,43846001,16,20
1761,1761,43847001,20,14
1762,1762,43848001,16,26
1763,1763,43849001,22,15
1764,1764,43850001,27,11
1765,1765,43851001,20,24
1766,1766,43852001,25,24
1767,1767,43853001,15,24
1768,1768,43854001,14,24
1769,1769,43855001,27,20
1770,1770,43856001,24,26
1771,1771,43857001,18,25
1772,1772,43858001,32,14
1773,1773,43859001,22,26
1774,1774,43860001,15,22
1775,1775,43861001,22,21
1776,1776,43862001,25,15
1777,1777,43863001,21,23
1778,1778,43864001,15,42
1779,1779,43865001,28,16
1780,1780,43866001,17,20
1781,1781,43867001,15,27
1782,1782,43868001,20,23
1783,1783,43869001,17,20
1784,1784,43870001,26,15
1785,1785,43871001,23,32
1786,1786,43872001,27,12
1787,1787,43873001,14,27
1788,1788,43874001,25,10
1789,1789,43875001,26,21
1790,1790,43876001,17,20
1791,1791,43877001,19,14
1792,1792,43878001,20,21
1793,1793,43879001,22,13
1794,1794,43880001,28,18
1795,1795,43881001,22,20
1796,1796,43882001,25,22
1797,1797,43883001,21,26
1798,1798,43884001,21,14
1799,1799,43885001,23,17
1800,1800,43886001,27,20
1801,1801,43887001,18,26
1802,1802,43888001,27,11
1803,1803,43889001,20,38
1804,1804,43890001,27,20
1805,1805,43891001,18,17
1806,1806,43892001,28,16
1807,1807,43893001,16,20
1808,1808,43894001,23,18
1809,1809,43895001,27,15
1810,1810,43896001,16,19
1811,1811,43897001,24,12
1812,1812,43898001,25,10
1813,1813,43899001,19,21
1814,1814,43900001,20,30
1815,1815,43901001,26,17
1816,1816,43902001,31,12
1817,1817,43903001,23,19
1818,1818,43904001,26,22
1819,1819,43905001,23,22
1820,1820,43906001,16,23
1821,1821,43907001,21,32
1822,1822,43908001,21,23
1823,1823,43909001,16,29
1824,1824,43910001,4,45
1825,1825,43911001,28,16
1826,1826,43912001,15,29
1827,1827,43913001,21,26
1828,1828,43914001,16,21
1829,1829,43915001,31,9
1830,1830,43916001,24,13
1831,1831,43917001,22,16
1832,1832,43918001,28,11
1833,1833,43919001,23,23
1834,1834,43920001,17,20
1835,1835,43921001,28,17
1836,1836,43922001,20,30
1837,1837,43923001,24,10
1838,1838,43924001,16,20
1839,1839,43925001,12,27
1840,1840,43926001,17,29
1841,1841,43927001,19,25
1842,1842,43928001,21,26
1843,1843,43929001,18,21
1844,1844,43930001,24,28
1845,1845,43931001,22,21
1846,1846,43932001,17,30
1847,1847,43933001,22,20
1848,1848,43934001,28,16
1849,1849,43935001,22,18
1850,1850,43936001,19,23
1851,1851,43937001,14,35
1852,1852,43938001,16,18
1853,1853,43939001,24,23
1854,1854,43940001,27,16
1855,1855,43941001,19,32
1856,1856,43942001,17,21
1857,1857,43943001,24,14
1858,1858,43944001,28,15
1859,1859,43945001,14,34
1860,1860,43946001,18,28
1861,1861,43947001,21,18
1862,1862,43948001,20,20
1863,1863,43949001,27,12
1864,1864,43950001,18,18
1865,1865,43951001,19,16
1866,1866,43952001,27,12
1867,1867,43953001,15,32
1868,1868,43954001,22,18
1869,1869,43955001,30,14
1870,1870,43956001,11,27
1871,1871,43957001,21,20
1872,1872,43958001,23,22
1873,1873,43959001,11,23
1874,1874,43960001,18,13
1875,1875,43961001,27,8
1876,1876,43962001,14,22
1877,1877,43963001,19,33
1878,1878,43964001,27,18
1879,1879,43965001,25,17
1880,1880,43966001,19,22
1881,1881,43967001,22,19
1882,1882,43968001,15,22
1883,1883,43969001,11,24
1884,1884,43970001,22,16
1885,1885,43971001,15,25
1886,1886,43972001,23,21
1887,1887,43973001,16,18
1888,1888,43974001,9,35
1889,1889,43975001,26,9
1890,1890,43976001,18,21
1891,1891,43977001,17,24
1892,1892,43978001,31,11
1893,1893,43979001,28,15
1894,1894,43980001,28,12
1895,1895,43981001,23,24
1896,1896,43982001,23,27
1897,1897,43983001,19,16
1898,1898,43984001,24,14
1899,1899,43985001,21,18
1900,1900,43986001,17,24
1901,1901,43987001,13,26
1902,1902,43988001,18,24
1903,1903,43989001,19,18
1904,1904,43990001,22,18
1905,1905,43991001,23,15
1906,1906,43992001,23,22
1907,1907,43993001,13,26
1908,1908,43994001,19,24
1909,1909,43995001,13,29
1910,1910,43996001,28,21
1911,1911,43997001,16,27
1912,1912,43998001,29,14
1913,1913,43999001,18,22
1914,1914,44000001,13,30
1915,1915,44001001,20,30
1916,1916,44002001,16,26
1917,1917,44003001,22,20
1918,1918,44004001,18,29
1919,1919,44005001,22,23
1920,1920,44006001,32,12
1921,1921,44007001,20,22
1922,1922,44008001,22,21
1923,1923,44009001,25,22
1924,1924,44010001,22,19
1925,1925,44011001,19,22
1926,1926,44012001,17,23
1927,1927,44013001,14,23
1928,1928,44014001,20,17
1929,1929,44015001,36,4
1930,1930,44016001,31,2
1931,1931,44017001,26,14
1932,1932,44018001,27,7
1933,1933,44019001,27,6
1934,1934,44020001,31,9
1935,1935,44021001,34,9
1936,1936,44022001,28,7
1937,1937,44023001,30,11
1938,1938,44024001,22,11
1939,1939,44025001,24,13
1940,1940,44026001,23,11
1941,1941,44027001,26,9
1942,1942,44028001,29,10
1943,1943,44029001,30,9
1944,1944,44030001,35,11
1945,1945,44031001,27,8
1946,1946,44032001,30,5
1947,1947,44033001,26,16
1948,1948,44034001,34,5
1949,1949,44035001,25,7
1950,1950,44036001,33,6
1951,1951,44037001,26,6
1952,1952,44038001,32,8
1953,1953,44039001,23,7
1954,1954,44040001,34,7
1955,1955,44041001,31,9
1956,1956,44042001,27,12
1957,1957,44043001,30,10
1958,1958,44044001,28,8
1959,1959,44045001,29,16
1960,1960,44046001,33,7
1961,1961,44047001,14,36
1962,1962,44048001,24,14
1963,1963,44049001,29,15
1964,1964,44050001,17,23
1965,1965,44051001,30,9
1966,1966,44052001,23,25
1967,1967,44053001,21,21
1968,1968,44054001,24,26
1969,1969,44055001,22,21
1970,1970,44056001,20,24
1971,1971,44057001,21,22
1972,1972,44058001,25,20
1973,1973,44059001,14,26
1974,1974,44060001,18,29
1975,1975,44061001,16,31
1976,1976,44062001,17,20
1977,1977,44063001,21,17
1978,1978,44064001,15,24
1979,1979,44065001,22,20
1980,1980,44066001,11,28
1981,1981,44067001,14,24
1982,1982,44068001,20,13
1983,1983,44069001,19,18
1984,1984,44070001,17,18
1985,1985,44071001,20,20
1986,1986,44072001,23,14
1987,1987,44073001,20,20
1988,1988,44074001,15,26
1989,1989,44075001,24,22
1990,1990,44076001,21,17
1991,1991,44077001,24,15
1992,1992,44078001,20,15
1993,1993,44079001,17,21
1994,1994,44080001,22,27
1995,1995,44081001,22,17
1996,1996,44082001,16,25
1997,1997,44083001,22,14
1998,1998,44084001,25,22
1999,1999,44085001,28,18
2000,2000,44086001,24,25
2001,2001,44087001,20,26
2002,2002,44088001,23,21
2003,2003,44089001,8,32
2004,2004,44090001,21,25
2005,2005,44091001,20,17
2006,2006,44092001,18,12
2007,2007,44093001,17,27
2008,2008,44094001,13,28
2009,2009,44095001,21,33
2010,2010,44096001,20,30
2011,2011,44097001,20,25
2012,2012,44098001,16,19
2013,2013,44099001,19,28
2014,2014,44100001,20,19
2015,2015,44101001,22,14
2016,2016,44102001,20,21
2017,2017,44103001,26,21
2018,2018,44104001,24,21
2019,2019,44105001,18,18
2020,2020,44106001,23,24
2021,2021,44107001,27,13
2022,2022,44108001,21,26
2023,2023,44109001,17,29
2024,2024,44110001,20,16
2025,2025,44111001,24,23
2026,2026,44112001,25,12
2027,2027,44113001,18,27
2028,2028,44114001,17,28
2029,2029,44115001,22,21
2030,2030,44116001,17,24
2031,2031,44117001,15,29
2032,2032,44118001,18,18
2033,2033,44119001,21,26
2034,2034,44120001,20,22
2035,2035,44121001,13,38
2036,2036,44122001,-2,53
2037,2037,44123001,-13,84
2038,2038,44124001,10,36
2039,2039,44125001,-2,42
2040,2040,44126001,22,22
2041,2041,44127001,21,19
2042,2042,44128001,15,23
2043,2043,44129001,15,31
2044,2044,44130001,17,31
2045,2045,44131001,18,26
2046,2046,44132001,23,14
2047,2047,44133001,20,27
2048,2048,44134001,22,25
2049,2049,44135001,28,20
2050,2050,44136001,24,10
2051,2051,44137001,23,20
2052,2052,44138001,19,22
2053,2053,44139001,21,17
2054,2054,44140001,21,27
2055,2055,44141001,28,14
2056,2056,44142001,21,15
2057,2057,44143001,20,18
2058,2058,44144001,20,24
2059,2059,44145001,18,28
2060,2060,44146001,17,36
2061,2061,44147001,17,23
2062,2062,44148001,25,22
2063,2063,44149001,20,15
2064,2064,44150001,25,20
2065,2065,44151001,27,15
2066,2066,44152001,21,27
2067,2067,44153001,7,30
2068,2068,44154001,18,22
2069,2069,44155001,13,28
2070,2070,44156001,23,14
2071,2071,44157001,23,19
2072,2072,44158001,21,27
2073,2073,44159001,21,17
2074,2074,44160001,12,35
