,SKU,InStock,NumberOrdered
0,42081001,30,0
1,42082001,30,0
2,42083001,30,0
3,42084001,30,0
4,42085001,30,0
5,42086001,30,0
6,42087001,30,0
7,42088001,30,0
8,42089001,30,0
9,42090001,30,0
10,42091001,30,0
11,42092001,30,0
12,42093001,30,0
13,42094001,30,0
14,42095001,30,0
15,42096001,30,0
16,42097001,30,0
17,42098001,30,0
18,42099001,30,0
19,42100001,30,0
20,42101001,30,0
21,42102001,30,0
22,42103001,30,0
23,42104001,30,0
24,42105001,30,0
25,42106001,30,0
26,42107001,30,0
27,42108001,30,0
28,42109001,30,0
29,42110001,30,0
30,42111001,30,0
31,42112001,30,0
32,42113001,30,0
33,42114001,30,0
34,42115001,30,0
35,42116001,30,0
36,42117001,30,0
37,42118001,30,0
38,42119001,30,0
39,42120001,30,0
40,42121001,30,0
41,42122001,30,0
42,42123001,30,0
43,42124001,30,0
44,42125001,30,0
45,42126001,30,0
46,42127001,30,0
47,42128001,30,0
48,42129001,30,0
49,42130001,30,0
50,42131001,30,0
51,42132001,30,0
52,42133001,30,0
53,42134001,30,0
54,42135001,30,0
55,42136001,30,0
56,42137001,30,0
57,42138001,30,0
58,42139001,30,0
59,42140001,30,0
60,42141001,30,0
61,42142001,30,0
62,42143001,30,0
63,42144001,30,0
64,42145001,30,0
65,42146001,30,0
66,42147001,30,0
67,42148001,30,0
68,42149001,30,0
69,42150001,30,0
70,42151001,30,0
71,42152001,30,0
72,42153001,30,0
73,42154001,30,0
74,42155001,30,0
75,42156001,30,0
76,42157001,30,0
77,42158001,30,0
78,42159001,30,0
79,42160001,30,0
80,42161001,30,0
81,42162001,30,0
82,42163001,30,0
83,42164001,30,0
84,42165001,30,0
85,42166001,30,0
86,42167001,30,0
87,42168001,30,0
88,42169001,30,0
89,42170001,30,0
90,42171001,30,0
91,42172001,30,0
92,42173001,30,0
93,42174001,30,0
94,42175001,30,0
95,42176001,30,0
96,42177001,30,0
97,42178001,30,0
98,42179001,30,0
99,42180001,30,0
100,42181001,30,0
101,42182001,30,0
102,42183001,30,0
103,42184001,30,0
104,42185001,30,0
105,42186001,30,0
106,42187001,30,0
107,42188001,30,0
108,42189001,30,0
109,42190001,30,0
110,42191001,30,0
111,42192001,30,0
112,42193001,30,0
113,42194001,30,0
114,42195001,30,0
115,42196001,30,0
116,42197001,30,0
117,42198001,30,0
118,42199001,30,0
119,42200001,30,0
120,42201001,30,0
121,42202001,30,0
122,42203001,30,0
123,42204001,30,0
124,42205001,30,0
125,42206001,30,0
126,42207001,30,0
127,42208001,30,0
128,42209001,30,0
129,42210001,30,0
130,42211001,30,0
131,42212001,30,0
132,42213001,30,0
133,42214001,30,0
134,42215001,30,0
135,42216001,30,0
136,42217001,30,0
137,42218001,30,0
138,42219001,30,0
139,42220001,30,0
140,42221001,30,0
141,42222001,30,0
142,42223001,30,0
143,42224001,30,0
144,42225001,30,0
145,42226001,30,0
146,42227001,30,0
147,42228001,30,0
148,42229001,30,0
149,42230001,30,0
150,42231001,30,0
151,42232001,30,0
152,42233001,30,0
153,42234001,30,0
154,42235001,30,0
155,42236001,30,0
156,42237001,30,0
157,42238001,30,0
158,42239001,30,0
159,42240001,30,0
160,42241001,30,0
161,42242001,30,0
162,42243001,30,0
163,42244001,30,0
164,42245001,30,0
165,42246001,30,0
166,42247001,30,0
167,42248001,30,0
168,42249001,30,0
169,42250001,30,0
170,42251001,30,0
171,42252001,30,0
172,42253001,30,0
173,42254001,30,0
174,42255001,30,0
175,42256001,30,0
176,42257001,30,0
177,42258001,30,0
178,42259001,30,0
179,42260001,30,0
180,42261001,30,0
181,42262001,30,0
182,42263001,30,0
183,42264001,30,0
184,42265001,30,0
185,42266001,30,0
186,42267001,30,0
187,42268001,30,0
188,42269001,30,0
189,42270001,30,0
190,42271001,30,0
191,42272001,30,0
192,42273001,30,0
193,42274001,30,0
194,42275001,30,0
195,42276001,30,0
196,42277001,30,0
197,42278001,30,0
198,42279001,30,0
199,42280001,30,0
200,42281001,30,0
201,42282001,30,0
202,42283001,30,0
203,42284001,30,0
204,42285001,30,0
205,42286001,30,0
206,42287001,30,0
207,42288001,30,0
208,42289001,30,0
209,42290001,30,0
210,42291001,30,0
211,42292001,30,0
212,42293001,30,0
213,42294001,30,0
214,42295001,30,0
215,42296001,30,0
216,42297001,30,0
217,42298001,30,0
218,42299001,30,0
219,42300001,30,0
220,42301001,30,0
221,42302001,30,0
222,42303001,30,0
223,42304001,30,0
224,42305001,30,0
225,42306001,30,0
226,42307001,30,0
227,42308001,30,0
228,42309001,30,0
229,42310001,30,0
230,42311001,30,0
231,42312001,30,0
232,42313001,30,0
233,42314001,30,0
234,42315001,30,0
235,42316001,30,0
236,42317001,30,0
237,42318001,30,0
238,42319001,30,0
239,42320001,30,0
240,42321001,30,0
241,42322001,30,0
242,42323001,30,0
243,42324001,30,0
244,42325001,30,0
245,42326001,30,0
246,42327001,30,0
247,42328001,30,0
248,42329001,30,0
249,42330001,30,0
250,42331001,30,0
251,42332001,30,0
252,42333001,30,0
253,42334001,30,0
254,42335001,30,0
255,42336001,30,0
256,42337001,30,0
257,42338001,30,0
258,42339001,30,0
259,42340001,30,0
260,42341001,30,0
261,42342001,30,0
262,42343001,30,0
263,42344001,30,0
264,42345001,30,0
265,42346001,30,0
266,42347001,30,0
267,42348001,30,0
268,42349001,30,0
269,42350001,30,0
270,42351001,30,0
271,42352001,30,0
272,42353001,30,0
273,42354001,30,0
274,42355001,30,0
275,42356001,30,0
276,42357001,30,0
277,42358001,30,0
278,42359001,30,0
279,42360001,30,0
280,42361001,30,0
281,42362001,30,0
282,42363001,30,0
283,42364001,30,0
284,42365001,30,0
285,42366001,30,0
286,42367001,30,0
287,42368001,30,0
288,42369001,30,0
289,42370001,30,0
290,42371001,30,0
291,42372001,30,0
292,42373001,30,0
293,42374001,30,0
294,42375001,30,0
295,42376001,30,0
296,42377001,30,0
297,42378001,30,0
298,42379001,30,0
299,42380001,30,0
300,42381001,30,0
301,42382001,30,0
302,42383001,30,0
303,42384001,30,0
304,42385001,30,0
305,42386001,30,0
306,42387001,30,0
307,42388001,30,0
308,42389001,30,0
309,42390001,30,0
310,42391001,30,0
311,42392001,30,0
312,42393001,30,0
313,42394001,30,0
314,42395001,30,0
315,42396001,30,0
316,42397001,30,0
317,42398001,30,0
318,42399001,30,0
319,42400001,30,0
320,42401001,30,0
321,42402001,30,0
322,42403001,30,0
323,42404001,30,0
324,42405001,30,0
325,42406001,30,0
326,42407001,30,0
327,42408001,30,0
328,42409001,30,0
329,42410001,30,0
330,42411001,30,0
331,42412001,30,0
332,42413001,30,0
333,42414001,30,0
334,42415001,30,0
335,42416001,30,0
336,42417001,30,0
337,42418001,30,0
338,42419001,30,0
339,42420001,30,0
340,42421001,30,0
341,42422001,30,0
342,42423001,30,0
343,42424001,30,0
344,42425001,30,0
345,42426001,30,0
346,42427001,30,0
347,42428001,30,0
348,42429001,30,0
349,42430001,30,0
350,42431001,30,0
351,42432001,30,0
352,42433001,30,0
353,42434001,30,0
354,42435001,30,0
355,42436001,30,0
356,42437001,30,0
357,42438001,30,0
358,42439001,30,0
359,42440001,30,0
360,42441001,30,0
361,42442001,30,0
362,42443001,30,0
363,42444001,30,0
364,42445001,30,0
365,42446001,30,0
366,42447001,30,0
367,42448001,30,0
368,42449001,30,0
369,42450001,30,0
370,42451001,30,0
371,42452001,30,0
372,42453001,30,0
373,42454001,30,0
374,42455001,30,0
375,42456001,30,0
376,42457001,30,0
377,42458001,30,0
378,42459001,30,0
379,42460001,30,0
380,42461001,30,0
381,42462001,30,0
382,42463001,30,0
383,42464001,30,0
384,42465001,30,0
385,42466001,30,0
386,42467001,30,0
387,42468001,30,0
388,42469001,30,0
389,42470001,30,0
390,42471001,30,0
391,42472001,30,0
392,42473001,30,0
393,42474001,30,0
394,42475001,30,0
395,42476001,30,0
396,42477001,30,0
397,42478001,30,0
398,42479001,30,0
399,42480001,30,0
400,42481001,30,0
401,42482001,30,0
402,42483001,30,0
403,42484001,30,0
404,42485001,30,0
405,42486001,30,0
406,42487001,30,0
407,42488001,30,0
408,42489001,30,0
409,42490001,30,0
410,42491001,30,0
411,42492001,30,0
412,42493001,30,0
413,42494001,30,0
414,42495001,30,0
415,42496001,30,0
416,42497001,30,0
417,42498001,30,0
418,42499001,30,0
419,42500001,30,0
420,42501001,30,0
421,42502001,30,0
422,42503001,30,0
423,42504001,30,0
424,42505001,30,0
425,42506001,30,0
426,42507001,30,0
427,42508001,30,0
428,42509001,30,0
429,42510001,30,0
430,42511001,30,0
431,42512001,30,0
432,42513001,30,0
433,42514001,30,0
434,42515001,30,0
435,42516001,30,0
436,42517001,30,0
437,42518001,30,0
438,42519001,30,0
439,42520001,30,0
440,42521001,30,0
441,42522001,30,0
442,42523001,30,0
443,42524001,30,0
444,42525001,30,0
445,42526001,30,0
446,42527001,30,0
447,42528001,30,0
448,42529001,30,0
449,42530001,30,0
450,42531001,30,0
451,42532001,30,0
452,42533001,30,0
453,42534001,30,0
454,42535001,30,0
455,42536001,30,0
456,42537001,30,0
457,42538001,30,0
458,42539001,30,0
459,42540001,30,0
460,42541001,30,0
461,42542001,30,0
462,42543001,30,0
463,42544001,30,0
464,42545001,30,0
465,42546001,30,0
466,42547001,30,0
467,42548001,30,0
468,42549001,30,0
469,42550001,30,0
470,42551001,30,0
471,42552001,30,0
472,42553001,30,0
473,42554001,30,0
474,42555001,30,0
475,42556001,30,0
476,42557001,30,0
477,42558001,30,0
478,42559001,30,0
479,42560001,30,0
480,42561001,30,0
481,42562001,30,0
482,42563001,30,0
483,42564001,30,0
484,42565001,30,0
485,42566001,30,0
486,42567001,30,0
487,42568001,30,0
488,42569001,30,0
489,42570001,30,0
490,42571001,30,0
491,42572001,30,0
492,42573001,30,0
493,42574001,30,0
494,42575001,30,0
495,42576001,30,0
496,42577001,30,0
497,42578001,30,0
498,42579001,30,0
499,42580001,30,0
500,42581001,30,0
501,42582001,30,0
502,42583001,30,0
503,42584001,30,0
504,42585001,30,0
505,42586001,30,0
506,42587001,30,0
507,42588001,30,0
508,42589001,30,0
509,42590001,30,0
510,42591001,30,0
511,42592001,30,0
512,42593001,30,0
513,42594001,30,0
514,42595001,30,0
515,42596001,30,0
516,42597001,30,0
517,42598001,30,0
518,42599001,30,0
519,42600001,30,0
520,42601001,30,0
521,42602001,30,0
522,42603001,30,0
523,42604001,30,0
524,42605001,30,0
525,42606001,30,0
526,42607001,30,0
527,42608001,30,0
528,42609001,30,0
529,42610001,30,0
530,42611001,30,0
531,42612001,30,0
532,42613001,30,0
533,42614001,30,0
534,42615001,30,0
535,42616001,30,0
536,42617001,30,0
537,42618001,30,0
538,42619001,30,0
539,42620001,30,0
540,42621001,30,0
541,42622001,30,0
542,42623001,30,0
543,42624001,30,0
544,42625001,30,0
545,42626001,30,0
546,42627001,30,0
547,42628001,30,0
548,42629001,30,0
549,42630001,30,0
550,42631001,30,0
551,42632001,30,0
552,42633001,30,0
553,42634001,30,0
554,42635001,30,0
555,42636001,30,0
556,42637001,30,0
557,42638001,30,0
558,42639001,30,0
559,42640001,30,0
560,42641001,30,0
561,42642001,30,0
562,42643001,30,0
563,42644001,30,0
564,42645001,30,0
565,42646001,30,0
566,42647001,30,0
567,42648001,30,0
568,42649001,30,0
569,42650001,30,0
570,42651001,30,0
571,42652001,30,0
572,42653001,30,0
573,42654001,30,0
574,42655001,30,0
575,42656001,30,0
576,42657001,30,0
577,42658001,30,0
578,42659001,30,0
579,42660001,30,0
580,42661001,30,0
581,42662001,30,0
582,42663001,30,0
583,42664001,30,0
584,42665001,30,0
585,42666001,30,0
586,42667001,30,0
587,42668001,30,0
588,42669001,30,0
589,42670001,30,0
590,42671001,30,0
591,42672001,30,0
592,42673001,30,0
593,42674001,30,0
594,42675001,30,0
595,42676001,30,0
596,42677001,30,0
597,42678001,30,0
598,42679001,30,0
599,42680001,30,0
600,42681001,30,0
601,42682001,30,0
602,42683001,30,0
603,42684001,30,0
604,42685001,30,0
605,42686001,30,0
606,42687001,30,0
607,42688001,30,0
608,42689001,30,0
609,42690001,30,0
610,42691001,30,0
611,42692001,30,0
612,42693001,30,0
613,42694001,30,0
614,42695001,30,0
615,42696001,30,0
616,42697001,30,0
617,42698001,30,0
618,42699001,30,0
619,42700001,30,0
620,42701001,30,0
621,42702001,30,0
622,42703001,30,0
623,42704001,30,0
624,42705001,30,0
625,42706001,30,0
626,42707001,30,0
627,42708001,30,0
628,42709001,30,0
629,42710001,30,0
630,42711001,30,0
631,42712001,30,0
632,42713001,30,0
633,42714001,30,0
634,42715001,30,0
635,42716001,30,0
636,42717001,30,0
637,42718001,30,0
638,42719001,30,0
639,42720001,30,0
640,42721001,30,0
641,42722001,30,0
642,42723001,30,0
643,42724001,30,0
644,42725001,30,0
645,42726001,30,0
646,42727001,30,0
647,42728001,30,0
648,42729001,30,0
649,42730001,30,0
650,42731001,30,0
651,42732001,30,0
652,42733001,30,0
653,42734001,30,0
654,42735001,30,0
655,42736001,30,0
656,42737001,30,0
657,42738001,30,0
658,42739001,30,0
659,42740001,30,0
660,42741001,30,0
661,42742001,30,0
662,42743001,30,0
663,42744001,30,0
664,42745001,30,0
665,42746001,30,0
666,42747001,30,0
667,42748001,30,0
668,42749001,30,0
669,42750001,30,0
670,42751001,30,0
671,42752001,30,0
672,42753001,30,0
673,42754001,30,0
674,42755001,30,0
675,42756001,30,0
676,42757001,30,0
677,42758001,30,0
678,42760001,30,0
679,42762001,30,0
680,42763001,30,0
681,42764001,30,0
682,42765001,30,0
683,42766001,30,0
684,42767001,30,0
685,42768001,30,0
686,42769001,30,0
687,42770001,30,0
688,42771001,30,0
689,42772001,30,0
690,42773001,30,0
691,42774001,30,0
692,42775001,30,0
693,42776001,30,0
694,42777001,30,0
695,42778001,30,0
696,42779001,30,0
697,42780001,30,0
698,42781001,30,0
699,42782001,30,0
700,42783001,30,0
701,42784001,30,0
702,42785001,30,0
703,42786001,30,0
704,42787001,30,0
705,42788001,30,0
706,42789001,30,0
707,42790001,30,0
708,42791001,30,0
709,42792001,30,0
710,42793001,30,0
711,42794001,30,0
712,42795001,30,0
713,42796001,30,0
714,42797001,30,0
715,42798001,30,0
716,42799001,30,0
717,42800001,30,0
718,42801001,30,0
719,42802001,30,0
720,42803001,30,0
721,42804001,30,0
722,42805001,30,0
723,42806001,30,0
724,42807001,30,0
725,42808001,30,0
726,42809001,30,0
727,42810001,30,0
728,42811001,30,0
729,42812001,30,0
730,42813001,30,0
731,42814001,30,0
732,42815001,30,0
733,42816001,30,0
734,42817001,30,0
735,42818001,30,0
736,42819001,30,0
737,42820001,30,0
738,42821001,30,0
739,42822001,30,0
740,42823001,30,0
741,42824001,30,0
742,42825001,30,0
743,42826001,30,0
744,42827001,30,0
745,42828001,30,0
746,42829001,30,0
747,42830001,30,0
748,42831001,30,0
749,42832001,30,0
750,42833001,30,0
751,42834001,30,0
752,42835001,30,0
753,42836001,30,0
754,42837001,30,0
755,42838001,30,0
756,42839001,30,0
757,42840001,30,0
758,42841001,30,0
759,42842001,30,0
760,42843001,30,0
761,42844001,30,0
762,42845001,30,0
763,42846001,30,0
764,42847001,30,0
765,42848001,30,0
766,42849001,30,0
767,42850001,30,0
768,42851001,30,0
769,42852001,30,0
770,42853001,30,0
771,42854001,30,0
772,42855001,30,0
773,42856001,30,0
774,42857001,30,0
775,42858001,30,0
776,42859001,30,0
777,42860001,30,0
778,42861001,30,0
779,42863001,30,0
780,42864001,30,0
781,42865001,30,0
782,42866001,30,0
783,42867001,30,0
784,42868001,30,0
785,42869001,30,0
786,42870001,30,0
787,42871001,30,0
788,42872001,30,0
789,42873001,30,0
790,42874001,30,0
791,42875001,30,0
792,42876001,30,0
793,42877001,30,0
794,42878001,30,0
795,42879001,30,0
796,42880001,30,0
797,42881001,30,0
798,42882001,30,0
799,42883001,30,0
800,42884001,30,0
801,42885001,30,0
802,42886001,30,0
803,42887001,30,0
804,42888001,30,0
805,42889001,30,0
806,42890001,30,0
807,42891001,30,0
808,42892001,30,0
809,42893001,30,0
810,42894001,30,0
811,42895001,30,0
812,42896001,30,0
813,42897001,30,0
814,42898001,30,0
815,42899001,30,0
816,42900001,30,0
817,42901001,30,0
818,42902001,30,0
819,42903001,30,0
820,42904001,30,0
821,42905001,30,0
822,42906001,30,0
823,42907001,30,0
824,42908001,30,0
825,42909001,30,0
826,42910001,30,0
827,42911001,30,0
828,42912001,30,0
829,42913001,30,0
830,42914001,30,0
831,42915001,30,0
832,42916001,30,0
833,42917001,30,0
834,42918001,30,0
835,42919001,30,0
836,42920001,30,0
837,42921001,30,0
838,42922001,30,0
839,42923001,30,0
840,42924001,30,0
841,42925001,30,0
842,42926001,30,0
843,42927001,30,0
844,42928001,30,0
845,42929001,30,0
846,42930001,30,0
847,42931001,30,0
848,42932001,30,0
849,42933001,30,0
850,42934001,30,0
851,42935001,30,0
852,42936001,30,0
853,42937001,30,0
854,42938001,30,0
855,42939001,30,0
856,42940001,30,0
857,42941001,30,0
858,42942001,30,0
859,42943001,30,0
860,42944001,30,0
861,42945001,30,0
862,42946001,30,0
863,42947001,30,0
864,42948001,30,0
865,42949001,30,0
866,42950001,30,0
867,42951001,30,0
868,42952001,30,0
869,42953001,30,0
870,42954001,30,0
871,42955001,30,0
872,42956001,30,0
873,42957001,30,0
874,42958001,30,0
875,42959001,30,0
876,42960001,30,0
877,42961001,30,0
878,42962001,30,0
879,42963001,30,0
880,42964001,30,0
881,42965001,30,0
882,42966001,30,0
883,42967001,30,0
884,42968001,30,0
885,42969001,30,0
886,42970001,30,0
887,42971001,30,0
888,42972001,30,0
889,42973001,30,0
890,42974001,30,0
891,42975001,30,0
892,42976001,30,0
893,42977001,30,0
894,42978001,30,0
895,42979001,30,0
896,42980001,30,0
897,42981001,30,0
898,42982001,30,0
899,42983001,30,0
900,42984001,30,0
901,42985001,30,0
902,42986001,30,0
903,42987001,30,0
904,42988001,30,0
905,42989001,30,0
906,42990001,30,0
907,42991001,30,0
908,42992001,30,0
909,42993001,30,0
910,42994001,30,0
911,42995001,30,0
912,42996001,30,0
913,42997001,30,0
914,42998001,30,0
915,42999001,30,0
916,43000001,30,0
917,43001001,30,0
918,43002001,30,0
919,43003001,30,0
920,43004001,30,0
921,43005001,30,0
922,43006001,30,0
923,43007001,30,0
924,43008001,30,0
925,43009001,30,0
926,43010001,30,0
927,43011001,30,0
928,43012001,30,0
929,43013001,30,0
930,43014001,30,0
931,43015001,30,0
932,43016001,30,0
933,43017001,30,0
934,43018001,30,0
935,43019001,30,0
936,43020001,30,0
937,43021001,30,0
938,43022001,30,0
939,43023001,30,0
940,43024001,30,0
941,43025001,30,0
942,43026001,30,0
943,43027001,30,0
944,43028001,30,0
945,43029001,30,0
946,43030001,30,0
947,43031001,30,0
948,43032001,30,0
949,43033001,30,0
950,43034001,30,0
951,43035001,30,0
952,43036001,30,0
953,43037001,30,0
954,43038001,30,0
955,43039001,30,0
956,43040001,30,0
957,43041001,30,0
958,43042001,30,0
959,43043001,30,0
960,43044001,30,0
961,43045001,30,0
962,43046001,30,0
963,43047001,30,0
964,43048001,30,0
965,43049001,30,0
966,43050001,30,0
967,43051001,30,0
968,43052001,30,0
969,43053001,30,0
970,43054001,30,0
971,43055001,30,0
972,43056001,30,0
973,43057001,30,0
974,43058001,30,0
975,43059001,30,0
976,43060001,30,0
977,43061001,30,0
978,43062001,30,0
979,43063001,30,0
980,43064001,30,0
981,43065001,30,0
982,43066001,30,0
983,43067001,30,0
984,43068001,30,0
985,43071001,30,0
986,43072001,30,0
987,43073001,30,0
988,43074001,30,0
989,43075001,30,0
990,43076001,30,0
991,43077001,30,0
992,43078001,30,0
993,43079001,30,0
994,43080001,30,0
995,43081001,30,0
996,43082001,30,0
997,43083001,30,0
998,43084001,30,0
999,43085001,30,0
1000,43086001,30,0
1001,43087001,30,0
1002,43088001,30,0
1003,43089001,30,0
1004,43090001,30,0
1005,43091001,30,0
1006,43092001,30,0
1007,43093001,30,0
1008,43094001,30,0
1009,43095001,30,0
1010,43096001,30,0
1011,43097001,30,0
1012,43098001,30,0
1013,43099001,30,0
1014,43100001,30,0
1015,43101001,30,0
1016,43102001,30,0
1017,43103001,30,0
1018,43104001,30,0
1019,43105001,30,0
1020,43106001,30,0
1021,43107001,30,0
1022,43108001,30,0
1023,43109001,30,0
1024,43110001,30,0
1025,43111001,30,0
1026,43112001,30,0
1027,43113001,30,0
1028,43114001,30,0
1029,43115001,30,0
1030,43116001,30,0
1031,43117001,30,0
1032,43118001,30,0
1033,43119001,30,0
1034,43120001,30,0
1035,43121001,30,0
1036,43122001,30,0
1037,43123001,30,0
1038,43124001,30,0
1039,43125001,30,0
1040,43126001,30,0
1041,43127001,30,0
1042,43128001,30,0
1043,43129001,30,0
1044,43130001,30,0
1045,43131001,30,0
1046,43132001,30,0
1047,43133001,30,0
1048,43134001,30,0
1049,43135001,30,0
1050,43136001,30,0
1051,43137001,30,0
1052,43138001,30,0
1053,43139001,30,0
1054,43140001,30,0
1055,43141001,30,0
1056,43142001,30,0
1057,43143001,30,0
1058,43144001,30,0
1059,43145001,30,0
1060,43146001,30,0
1061,43147001,30,0
1062,43148001,30,0
1063,43149001,30,0
1064,43150001,30,0
1065,43151001,30,0
1066,43152001,30,0
1067,43153001,30,0
1068,43154001,30,0
1069,43155001,30,0
1070,43156001,30,0
1071,43157001,30,0
1072,43158001,30,0
1073,43159001,30,0
1074,43160001,30,0
1075,43161001,30,0
1076,43162001,30,0
1077,43163001,30,0
1078,43164001,30,0
1079,43165001,30,0
1080,43166001,30,0
1081,43167001,30,0
1082,43168001,30,0
1083,43169001,30,0
1084,43170001,30,0
1085,43171001,30,0
1086,43172001,30,0
1087,43173001,30,0
1088,43174001,30,0
1089,43175001,30,0
1090,43176001,30,0
1091,43177001,30,0
1092,43178001,30,0
1093,43179001,30,0
1094,43180001,30,0
1095,43181001,30,0
1096,43182001,30,0
1097,43183001,30,0
1098,43184001,30,0
1099,43185001,30,0
1100,43186001,30,0
1101,43187001,30,0
1102,43188001,30,0
1103,43189001,30,0
1104,43190001,30,0
1105,43191001,30,0
1106,43192001,30,0
1107,43193001,30,0
1108,43194001,30,0
1109,43195001,30,0
1110,43196001,30,0
1111,43197001,30,0
1112,43198001,30,0
1113,43199001,30,0
1114,43200001,30,0
1115,43201001,30,0
1116,43202001,30,0
1117,43203001,30,0
1118,43204001,30,0
1119,43205001,30,0
1120,43206001,30,0
1121,43207001,30,0
1122,43208001,30,0
1123,43209001,30,0
1124,43210001,30,0
1125,43211001,30,0
1126,43212001,30,0
1127,43213001,30,0
1128,43214001,30,0
1129,43215001,30,0
1130,43216001,30,0
1131,43217001,30,0
1132,43218001,30,0
1133,43219001,30,0
1134,43220001,30,0
1135,43221001,30,0
1136,43222001,30,0
1137,43223001,30,0
1138,43224001,30,0
1139,43225001,30,0
1140,43226001,30,0
1141,43227001,30,0
1142,43228001,30,0
1143,43229001,30,0
1144,43230001,30,0
1145,43231001,30,0
1146,43232001,30,0
1147,43233001,30,0
1148,43234001,30,0
1149,43235001,30,0
1150,43236001,30,0
1151,43237001,30,0
1152,43238001,30,0
1153,43239001,30,0
1154,43240001,30,0
1155,43241001,30,0
1156,43242001,30,0
1157,43243001,30,0
1158,43244001,30,0
1159,43245001,30,0
1160,43246001,30,0
1161,43247001,30,0
1162,43248001,30,0
1163,43249001,30,0
1164,43250001,30,0
1165,43251001,30,0
1166,43252001,30,0
1167,43253001,30,0
1168,43254001,30,0
1169,43255001,30,0
1170,43256001,30,0
1171,43257001,30,0
1172,43258001,30,0
1173,43259001,30,0
1174,43260001,30,0
1175,43261001,30,0
1176,43262001,30,0
1177,43263001,30,0
1178,43264001,30,0
1179,43265001,30,0
1180,43266001,30,0
1181,43267001,30,0
1182,43268001,30,0
1183,43269001,30,0
1184,43270001,30,0
1185,43271001,30,0
1186,43272001,30,0
1187,43273001,30,0
1188,43274001,30,0
1189,43275001,30,0
1190,43276001,30,0
1191,43277001,30,0
1192,43278001,30,0
1193,43279001,30,0
1194,43280001,30,0
1195,43281001,30,0
1196,43282001,30,0
1197,43283001,30,0
1198,43284001,30,0
1199,43285001,30,0
1200,43286001,30,0
1201,43287001,30,0
1202,43288001,30,0
1203,43289001,30,0
1204,43290001,30,0
1205,43291001,30,0
1206,43292001,30,0
1207,43293001,30,0
1208,43294001,30,0
1209,43295001,30,0
1210,43296001,30,0
1211,43297001,30,0
1212,43298001,30,0
1213,43299001,30,0
1214,43300001,30,0
1215,43301001,30,0
1216,43302001,30,0
1217,43303001,30,0
1218,43304001,30,0
1219,43305001,30,0
1220,43306001,30,0
1221,43307001,30,0
1222,43308001,30,0
1223,43309001,30,0
1224,43310001,30,0
1225,43311001,30,0
1226,43312001,30,0
1227,43313001,30,0
1228,43314001,30,0
1229,43315001,30,0
1230,43316001,30,0
1231,43317001,30,0
1232,43318001,30,0
1233,43319001,30,0
1234,43320001,30,0
1235,43321001,30,0
1236,43322001,30,0
1237,43323001,30,0
1238,43324001,30,0
1239,43325001,30,0
1240,43326001,30,0
1241,43327001,30,0
1242,43328001,30,0
1243,43329001,30,0
1244,43330001,30,0
1245,43331001,30,0
1246,43332001,30,0
1247,43333001,30,0
1248,43334001,30,0
1249,43335001,30,0
1250,43336001,30,0
1251,43337001,30,0
1252,43338001,30,0
1253,43339001,30,0
1254,43340001,30,0
1255,43341001,30,0
1256,43342001,30,0
1257,43343001,30,0
1258,43344001,30,0
1259,43345001,30,0
1260,43346001,30,0
1261,43347001,30,0
1262,43348001,30,0
1263,43349001,30,0
1264,43350001,30,0
1265,43351001,30,0
1266,43352001,30,0
1267,43353001,30,0
1268,43354001,30,0
1269,43355001,30,0
1270,43356001,30,0
1271,43357001,30,0
1272,43358001,30,0
1273,43359001,30,0
1274,43360001,30,0
1275,43361001,30,0
1276,43362001,30,0
1277,43363001,30,0
1278,43364001,30,0
1279,43365001,30,0
1280,43366001,30,0
1281,43367001,30,0
1282,43368001,30,0
1283,43369001,30,0
1284,43370001,30,0
1285,43371001,30,0
1286,43372001,30,0
1287,43373001,30,0
1288,43374001,30,0
1289,43375001,30,0
1290,43376001,30,0
1291,43377001,30,0
1292,43378001,30,0
1293,43379001,30,0
1294,43380001,30,0
1295,43381001,30,0
1296,43382001,30,0
1297,43383001,30,0
1298,43384001,30,0
1299,43385001,30,0
1300,43386001,30,0
1301,43387001,30,0
1302,43388001,30,0
1303,43389001,30,0
1304,43390001,30,0
1305,43391001,30,0
1306,43392001,30,0
1307,43393001,30,0
1308,43394001,30,0
1309,43395001,30,0
1310,43396001,30,0
1311,43397001,30,0
1312,43398001,30,0
1313,43399001,30,0
1314,43400001,30,0
1315,43401001,30,0
1316,43402001,30,0
1317,43403001,30,0
1318,43404001,30,0
1319,43405001,30,0
1320,43406001,30,0
1321,43407001,30,0
1322,43408001,30,0
1323,43409001,30,0
1324,43410001,30,0
1325,43411001,30,0
1326,43412001,30,0
1327,43413001,30,0
1328,43414001,30,0
1329,43415001,30,0
1330,43416001,30,0
1331,43417001,30,0
1332,43418001,30,0
1333,43419001,30,0
1334,43420001,30,0
1335,43421001,30,0
1336,43422001,30,0
1337,43423001,30,0
1338,43424001,30,0
1339,43425001,30,0
1340,43426001,30,0
1341,43427001,30,0
1342,43428001,30,0
1343,43429001,30,0
1344,43430001,30,0
1345,43431001,30,0
1346,43432001,30,0
1347,43433001,30,0
1348,43434001,30,0
1349,43435001,30,0
1350,43436001,30,0
1351,43437001,30,0
1352,43438001,30,0
1353,43439001,30,0
1354,43440001,30,0
1355,43441001,30,0
1356,43442001,30,0
1357,43443001,30,0
1358,43444001,30,0
1359,43445001,30,0
1360,43446001,30,0
1361,43447001,30,0
1362,43448001,30,0
1363,43449001,30,0
1364,43450001,30,0
1365,43451001,30,0
1366,43452001,30,0
1367,43453001,30,0
1368,43454001,30,0
1369,43455001,30,0
1370,43456001,30,0
1371,43457001,30,0
1372,43458001,30,0
1373,43459001,30,0
1374,43460001,30,0
1375,43461001,30,0
1376,43462001,30,0
1377,43463001,30,0
1378,43464001,30,0
1379,43465001,30,0
1380,43466001,30,0
1381,43467001,30,0
1382,43468001,30,0
1383,43469001,30,0
1384,43470001,30,0
1385,43471001,30,0
1386,43472001,30,0
1387,43473001,30,0
1388,43474001,30,0
1389,43475001,30,0
1390,43476001,30,0
1391,43477001,30,0
1392,43478001,30,0
1393,43479001,30,0
1394,43480001,30,0
1395,43481001,30,0
1396,43482001,30,0
1397,43483001,30,0
1398,43484001,30,0
1399,43485001,30,0
1400,43486001,30,0
1401,43487001,30,0
1402,43488001,30,0
1403,43489001,30,0
1404,43490001,30,0
1405,43491001,30,0
1406,43492001,30,0
1407,43493001,30,0
1408,43494001,30,0
1409,43495001,30,0
1410,43496001,30,0
1411,43497001,30,0
1412,43498001,30,0
1413,43499001,30,0
1414,43500001,30,0
1415,43501001,30,0
1416,43502001,30,0
1417,43503001,30,0
1418,43504001,30,0
1419,43505001,30,0
1420,43506001,30,0
1421,43507001,30,0
1422,43508001,30,0
1423,43509001,30,0
1424,43510001,30,0
1425,43511001,30,0
1426,43512001,30,0
1427,43513001,30,0
1428,43514001,30,0
1429,43515001,30,0
1430,43516001,30,0
1431,43517001,30,0
1432,43518001,30,0
1433,43519001,30,0
1434,43520001,30,0
1435,43521001,30,0
1436,43522001,30,0
1437,43523001,30,0
1438,43524001,30,0
1439,43525001,30,0
1440,43526001,30,0
1441,43527001,30,0
1442,43528001,30,0
1443,43529001,30,0
1444,43530001,30,0
1445,43531001,30,0
1446,43532001,30,0
1447,43533001,30,0
1448,43534001,30,0
1449,43535001,30,0
1450,43536001,30,0
1451,43537001,30,0
1452,43538001,30,0
1453,43539001,30,0
1454,43540001,30,0
1455,43541001,30,0
1456,43542001,30,0
1457,43543001,30,0
1458,43544001,30,0
1459,43545001,30,0
1460,43546001,30,0
1461,43547001,30,0
1462,43548001,30,0
1463,43549001,30,0
1464,43550001,30,0
1465,43551001,30,0
1466,43552001,30,0
1467,43553001,30,0
1468,43554001,30,0
1469,43555001,30,0
1470,43556001,30,0
1471,43557001,30,0
1472,43558001,30,0
1473,43559001,30,0
1474,43560001,30,0
1475,43561001,30,0
1476,43562001,30,0
1477,43563001,30,0
1478,43564001,30,0
1479,43565001,30,0
1480,43566001,30,0
1481,43567001,30,0
1482,43568001,30,0
1483,43569001,30,0
1484,43570001,30,0
1485,43571001,30,0
1486,43572001,30,0
1487,43573001,30,0
1488,43574001,30,0
1489,43575001,30,0
1490,43576001,30,0
1491,43577001,30,0
1492,43578001,30,0
1493,43579001,30,0
1494,43580001,30,0
1495,43581001,30,0
1496,43582001,30,0
1497,43583001,30,0
1498,43584001,30,0
1499,43585001,30,0
1500,43586001,30,0
1501,43587001,30,0
1502,43588001,30,0
1503,43589001,30,0
1504,43590001,30,0
1505,43591001,30,0
1506,43592001,30,0
1507,43593001,30,0
1508,43594001,30,0
1509,43595001,30,0
1510,43596001,30,0
1511,43597001,30,0
1512,43598001,30,0
1513,43599001,30,0
1514,43600001,30,0
1515,43601001,30,0
1516,43602001,30,0
1517,43603001,30,0
1518,43604001,30,0
1519,43605001,30,0
1520,43606001,30,0
1521,43607001,30,0
1522,43608001,30,0
1523,43609001,30,0
1524,43610001,30,0
1525,43611001,30,0
1526,43612001,30,0
1527,43613001,30,0
1528,43614001,30,0
1529,43615001,30,0
1530,43616001,30,0
1531,43617001,30,0
1532,43618001,30,0
1533,43619001,30,0
1534,43620001,30,0
1535,43621001,30,0
1536,43622001,30,0
1537,43623001,30,0
1538,43624001,30,0
1539,43625001,30,0
1540,43626001,30,0
1541,43627001,30,0
1542,43628001,30,0
1543,43629001,30,0
1544,43630001,30,0
1545,43631001,30,0
1546,43632001,30,0
1547,43633001,30,0
1548,43634001,30,0
1549,43635001,30,0
1550,43636001,30,0
1551,43637001,30,0
1552,43638001,30,0
1553,43639001,30,0
1554,43640001,30,0
1555,43641001,30,0
1556,43642001,30,0
1557,43643001,30,0
1558,43644001,30,0
1559,43645001,30,0
1560,43646001,30,0
1561,43647001,30,0
1562,43648001,30,0
1563,43649001,30,0
1564,43650001,30,0
1565,43651001,30,0
1566,43652001,30,0
1567,43653001,30,0
1568,43654001,30,0
1569,43655001,30,0
1570,43656001,30,0
1571,43657001,30,0
1572,43658001,30,0
1573,43659001,30,0
1574,43660001,30,0
1575,43661001,30,0
1576,43662001,30,0
1577,43663001,30,0
1578,43664001,30,0
1579,43665001,30,0
1580,43666001,30,0
1581,43667001,30,0
1582,43668001,30,0
1583,43669001,30,0
1584,43670001,30,0
1585,43671001,30,0
1586,43672001,30,0
1587,43673001,30,0
1588,43674001,30,0
1589,43675001,30,0
1590,43676001,30,0
1591,43677001,30,0
1592,43678001,30,0
1593,43679001,30,0
1594,43680001,30,0
1595,43681001,30,0
1596,43682001,30,0
1597,43683001,30,0
1598,43684001,30,0
1599,43685001,30,0
1600,43686001,30,0
1601,43687001,30,0
1602,43688001,30,0
1603,43689001,30,0
1604,43690001,30,0
1605,43691001,30,0
1606,43692001,30,0
1607,43693001,30,0
1608,43694001,30,0
1609,43695001,30,0
1610,43696001,30,0
1611,43697001,30,0
1612,43698001,30,0
1613,43699001,30,0
1614,43700001,30,0
1615,43701001,30,0
1616,43702001,30,0
1617,43703001,30,0
1618,43704001,30,0
1619,43705001,30,0
1620,43706001,30,0
1621,43707001,30,0
1622,43708001,30,0
1623,43709001,30,0
1624,43710001,30,0
1625,43711001,30,0
1626,43712001,30,0
1627,43713001,30,0
1628,43714001,30,0
1629,43715001,30,0
1630,43716001,30,0
1631,43717001,30,0
1632,43718001,30,0
1633,43719001,30,0
1634,43720001,30,0
1635,43721001,30,0
1636,43722001,30,0
1637,43723001,30,0
1638,43724001,30,0
1639,43725001,30,0
1640,43726001,30,0
1641,43727001,30,0
1642,43728001,30,0
1643,43729001,30,0
1644,43730001,30,0
1645,43731001,30,0
1646,43732001,30,0
1647,43733001,30,0
1648,43734001,30,0
1649,43735001,30,0
1650,43736001,30,0
1651,43737001,30,0
1652,43738001,30,0
1653,43739001,30,0
1654,43740001,30,0
1655,43741001,30,0
1656,43742001,30,0
1657,43743001,30,0
1658,43744001,30,0
1659,43745001,30,0
1660,43746001,30,0
1661,43747001,30,0
1662,43748001,30,0
1663,43749001,30,0
1664,43750001,30,0
1665,43751001,30,0
1666,43752001,30,0
1667,43753001,30,0
1668,43754001,30,0
1669,43755001,30,0
1670,43756001,30,0
1671,43757001,30,0
1672,43758001,30,0
1673,43759001,30,0
1674,43760001,30,0
1675,43761001,30,0
1676,43762001,30,0
1677,43763001,30,0
1678,43764001,30,0
1679,43765001,30,0
1680,43766001,30,0
1681,43767001,30,0
1682,43768001,30,0
1683,43769001,30,0
1684,43770001,30,0
1685,43771001,30,0
1686,43772001,30,0
1687,43773001,30,0
1688,43774001,30,0
1689,43775001,30,0
1690,43776001,30,0
1691,43777001,30,0
1692,43778001,30,0
1693,43779001,30,0
1694,43780001,30,0
1695,43781001,30,0
1696,43782001,30,0
1697,43783001,30,0
1698,43784001,30,0
1699,43785001,30,0
1700,43786001,30,0
1701,43787001,30,0
1702,43788001,30,0
1703,43789001,30,0
1704,43790001,30,0
1705,43791001,30,0
1706,43792001,30,0
1707,43793001,30,0
1708,43794001,30,0
1709,43795001,30,0
1710,43796001,30,0
1711,43797001,30,0
1712,43798001,30,0
1713,43799001,30,0
1714,43800001,30,0
1715,43801001,30,0
1716,43802001,30,0
1717,43803001,30,0
1718,43804001,30,0
1719,43805001,30,0
1720,43806001,30,0
1721,43807001,30,0
1722,43808001,30,0
1723,43809001,30,0
1724,43810001,30,0
1725,43811001,30,0
1726,43812001,30,0
1727,43813001,30,0
1728,43814001,30,0
1729,43815001,30,0
1730,43816001,30,0
1731,43817001,30,0
1732,43818001,30,0
1733,43819001,30,0
1734,43820001,30,0
1735,43821001,30,0
1736,43822001,30,0
1737,43823001,30,0
1738,43824001,30,0
1739,43825001,30,0
1740,43826001,30,0
1741,43827001,30,0
1742,43828001,30,0
1743,43829001,30,0
1744,43830001,30,0
1745,43831001,30,0
1746,43832001,30,0
1747,43833001,30,0
1748,43834001,30,0
1749,43835001,30,0
1750,43836001,30,0
1751,43837001,30,0
1752,43838001,30,0
1753,43839001,30,0
1754,43840001,30,0
1755,43841001,30,0
1756,43842001,30,0
1757,43843001,30,0
1758,43844001,30,0
1759,43845001,30,0
1760,43846001,30,0
1761,43847001,30,0
1762,43848001,30,0
1763,43849001,30,0
1764,43850001,30,0
1765,43851001,30,0
1766,43852001,30,0
1767,43853001,30,0
1768,43854001,30,0
1769,43855001,30,0
1770,43856001,30,0
1771,43857001,30,0
1772,43858001,30,0
1773,43859001,30,0
1774,43860001,30,0
1775,43861001,30,0
1776,43862001,30,0
1777,43863001,30,0
1778,43864001,30,0
1779,43865001,30,0
1780,43866001,30,0
1781,43867001,30,0
1782,43868001,30,0
1783,43869001,30,0
1784,43870001,30,0
1785,43871001,30,0
1786,43872001,30,0
1787,43873001,30,0
1788,43874001,30,0
1789,43875001,30,0
1790,43876001,30,0
1791,43877001,30,0
1792,43878001,30,0
1793,43879001,30,0
1794,43880001,30,0
1795,43881001,30,0
1796,43882001,30,0
1797,43883001,30,0
1798,43884001,30,0
1799,43885001,30,0
1800,43886001,30,0
1801,43887001,30,0
1802,43888001,30,0
1803,43889001,30,0
1804,43890001,30,0
1805,43891001,30,0
1806,43892001,30,0
1807,43893001,30,0
1808,43894001,30,0
1809,43895001,30,0
1810,43896001,30,0
1811,43897001,30,0
1812,43898001,30,0
1813,43899001,30,0
1814,43900001,30,0
1815,43901001,30,0
1816,43902001,30,0
1817,43903001,30,0
1818,43904001,30,0
1819,43905001,30,0
1820,43906001,30,0
1821,43907001,30,0
1822,43908001,30,0
1823,43909001,30,0
1824,43910001,30,0
1825,43911001,30,0
1826,43912001,30,0
1827,43913001,30,0
1828,43914001,30,0
1829,43915001,30,0
1830,43916001,30,0
1831,43917001,30,0
1832,43918001,30,0
1833,43919001,30,0
1834,43920001,30,0
1835,43921001,30,0
1836,43922001,30,0
1837,43923001,30,0
1838,43924001,30,0
1839,43925001,30,0
1840,43926001,30,0
1841,43927001,30,0
1842,43928001,30,0
1843,43929001,30,0
1844,43930001,30,0
1845,43931001,30,0
1846,43932001,30,0
1847,43933001,30,0
1848,43934001,30,0
1849,43935001,30,0
1850,43936001,30,0
1851,43937001,30,0
1852,43938001,30,0
1853,43939001,30,0
1854,43940001,30,0
1855,43941001,30,0
1856,43942001,30,0
1857,43943001,30,0
1858,43944001,30,0
1859,43945001,30,0
1860,43946001,30,0
1861,43947001,30,0
1862,43948001,30,0
1863,43949001,30,0
1864,43950001,30,0
1865,43951001,30,0
1866,43952001,30,0
1867,43953001,30,0
1868,43954001,30,0
1869,43955001,30,0
1870,43956001,30,0
1871,43957001,30,0
1872,43958001,30,0
1873,43959001,30,0
1874,43960001,30,0
1875,43961001,30,0
1876,43962001,30,0
1877,43963001,30,0
1878,43964001,30,0
1879,43965001,30,0
1880,43966001,30,0
1881,43967001,30,0
1882,43968001,30,0
1883,43969001,30,0
1884,43970001,30,0
1885,43971001,30,0
1886,43972001,30,0
1887,43973001,30,0
1888,43974001,30,0
1889,43975001,30,0
1890,43976001,30,0
1891,43977001,30,0
1892,43978001,30,0
1893,43979001,30,0
1894,43980001,30,0
1895,43981001,30,0
1896,43982001,30,0
1897,43983001,30,0
1898,43984001,30,0
1899,43985001,30,0
1900,43986001,30,0
1901,43987001,30,0
1902,43988001,30,0
1903,43989001,30,0
1904,43990001,30,0
1905,43991001,30,0
1906,43992001,30,0
1907,43993001,30,0
1908,43994001,30,0
1909,43995001,30,0
1910,43996001,30,0
1911,43997001,30,0
1912,43998001,30,0
1913,43999001,30,0
1914,44000001,30,0
1915,44001001,30,0
1916,44002001,30,0
1917,44003001,30,0
1918,44004001,30,0
1919,44005001,30,0
1920,44006001,30,0
1921,44007001,30,0
1922,44008001,30,0
1923,44009001,30,0
1924,44010001,30,0
1925,44011001,30,0
1926,44012001,30,0
1927,44013001,30,0
1928,44014001,30,0
1929,44015001,30,0
1930,44016001,30,0
1931,44017001,30,0
1932,44018001,30,0
1933,44019001,30,0
1934,44020001,30,0
1935,44021001,30,0
1936,44022001,30,0
1937,44023001,30,0
1938,44024001,30,0
1939,44025001,30,0
1940,44026001,30,0
1941,44027001,30,0
1942,44028001,30,0
1943,44029001,30,0
1944,44030001,30,0
1945,44031001,30,0
1946,44032001,30,0
1947,44033001,30,0
1948,44034001,30,0
1949,44035001,30,0
1950,44036001,30,0
1951,44037001,30,0
1952,44038001,30,0
1953,44039001,30,0
1954,44040001,30,0
1955,44041001,30,0
1956,44042001,30,0
1957,44043001,30,0
1958,44044001,30,0
1959,44045001,30,0
1960,44046001,30,0
1961,44047001,30,0
1962,44048001,30,0
1963,44049001,30,0
1964,44050001,30,0
1965,44051001,30,0
1966,44052001,30,0
1967,44053001,30,0
1968,44054001,30,0
1969,44055001,30,0
1970,44056001,30,0
1971,44057001,30,0
1972,44058001,30,0
1973,44059001,30,0
1974,44060001,30,0
1975,44061001,30,0
1976,44062001,30,0
1977,44063001,30,0
1978,44064001,30,0
1979,44065001,30,0
1980,44066001,30,0
1981,44067001,30,0
1982,44068001,30,0
1983,44069001,30,0
1984,44070001,30,0
1985,44071001,30,0
1986,44072001,30,0
1987,44073001,30,0
1988,44074001,30,0
1989,44075001,30,0
1990,44076001,30,0
1991,44077001,30,0
1992,44078001,30,0
1993,44079001,30,0
1994,44080001,30,0
1995,44081001,30,0
1996,44082001,30,0
1997,44083001,30,0
1998,44084001,30,0
1999,44085001,30,0
2000,44086001,30,0
2001,44087001,30,0
2002,44088001,30,0
2003,44089001,30,0
2004,44090001,30,0
2005,44091001,30,0
2006,44092001,30,0
2007,44093001,30,0
2008,44094001,30,0
2009,44095001,30,0
2010,44096001,30,0
2011,44097001,30,0
2012,44098001,30,0
2013,44099001,30,0
2014,44100001,30,0
2015,44101001,30,0
2016,44102001,30,0
2017,44103001,30,0
2018,44104001,30,0
2019,44105001,30,0
2020,44106001,30,0
2021,44107001,30,0
2022,44108001,30,0
2023,44109001,30,0
2024,44110001,30,0
2025,44111001,30,0
2026,44112001,30,0
2027,44113001,30,0
2028,44114001,30,0
2029,44115001,30,0
2030,44116001,30,0
2031,44117001,30,0
2032,44118001,30,0
2033,44119001,30,0
2034,44120001,30,0
2035,44121001,30,0
2036,44122001,30,0
2037,44123001,30,0
2038,44124001,30,0
2039,44125001,30,0
2040,44126001,30,0
2041,44127001,30,0
2042,44128001,30,0
2043,44129001,30,0
2044,44130001,30,0
2045,44131001,30,0
2046,44132001,30,0
2047,44133001,30,0
2048,44134001,30,0
2049,44135001,30,0
2050,44136001,30,0
2051,44137001,30,0
2052,44138001,30,0
2053,44139001,30,0
2054,44140001,30,0
2055,44141001,30,0
2056,44142001,30,0
2057,44143001,30,0
2058,44144001,30,0
2059,44145001,30,0
2060,44146001,30,0
2061,44147001,30,0
2062,44148001,30,0
2063,44149001,30,0
2064,44150001,30,0
2065,44151001,30,0
2066,44152001,30,0
2067,44153001,30,0
2068,44154001,30,0
2069,44155001,30,0
2070,44156001,30,0
2071,44157001,30,0
2072,44158001,30,0
2073,44159001,30,0
2074,44160001,30,0
